STARDUST_SAVEPOINT_V1
simulationTime=4.6623112545E11
stepCount=902071255
totalMerges=42759
totalBounces=30806
totalFragmentations=18858
totalEscapes=0
totalStarFalls=0
particleCount=310

PARTICLES:
5,-6.93414817199497E10,5.429159239463897E10,-1.283450835561002E9,-24512.502878206906,-29779.311382839944,33.276093539012706,4.450735534279458E19,-2.697427992311978E-10,100.0,473639.2956006741,0
21,-2.421712151415536E10,-8.163525423795079E10,-1.705744316145233E9,37995.2559311539,-10560.302631534894,680.8078722122711,9.235816326291045E19,-6.151710769650279E-10,100.0,604127.899753383,0
99,2.8780208857746063E10,6.934533817936415E10,3.698663115713126E8,-38894.391743409506,15967.450349651739,-446.8231616973144,2.040478915969248E19,2.175100672691547E-10,100.0,365214.3505143417,0
217,6.389501582885764E10,-3.680934692377131E10,2.747376021018951E8,20717.81890834526,37043.43730802867,728.8205926224925,2.246279382536584E19,1.6247528856100768E-10,100.0,377101.61054658744,0
412,-4.687666163894398E10,5.015351036402468E10,3.0952828870961547E8,-33449.41457044024,-29732.278455395026,-232.48209772857575,7.012817992466189E19,-5.53497046112844E-10,100.0,551147.6831104725,0
587,-4.52264430316335E10,1.6293811265091293E9,-4.9784411194978124E8,-2117.52080968099,-53771.73371673016,219.01431570569193,6.426387619431764E19,-1.7223618216189297E-10,100.0,535335.5723686292,0
650,8.309220337450041E10,-6.797772620938867E9,1.173040674997569E9,2441.01908974275,39612.23099038571,1070.3842828676197,5.537196948342339E19,-2.652138064399523E-11,100.0,509409.5945930228,0
958,-8.50277329642425E10,1.6036894311940945E10,-1.0403723114089836E9,-5076.01783576192,-38820.3239704372,318.9970541311166,5.342896506105327E19,6.322672798266328E-10,100.0,503380.10943776293,0
1000,-7.39068222042282E10,-1.7014458171836763E10,-4.956296850799871E8,10987.442855786981,-41404.43237439461,-413.63892088667365,3.0628663020676936E19,8.210189529663105E-10,100.0,418163.84151332756,0
1807,8.464491028001854E10,6.384440726600317E10,5.563723935636933E8,-21131.136554495104,28409.275518620816,-214.63457308694598,9.052614020094424E19,4.798309379381202E-10,100.0,600106.6850850609,0
1969,7.12563932155829E10,7.269477306849516E10,1.5809870987263098E9,-26116.522786369656,25193.007204584723,-135.66686160339364,4.075509510029063E19,1.8351002083294245E-10,100.0,459936.3847454437,0
2011,3.96749115125019E10,9.66887407017116E10,4.544152106322836E8,-33135.6588480593,12407.830846290244,199.8376434915917,2.2817046281583927E19,-4.851608186477434E-10,100.0,379073.6567045209,0
2051,-3.661783038759508E10,5.409182216982163E10,8.842298040765595E8,-37163.405807415,-25631.33014052558,-571.7478733915176,3.2117131017916187E19,4.83141321975487E-10,100.0,424830.8482871987,0
2096,-2.312898248216297E10,8.326809020201471E10,7.813724449696269E8,-37723.03677467117,-11496.766901283969,265.4993013060386,2.319509589929924E19,9.522690334883345E-10,100.0,381155.78971640975,0
2119,-4.4975294373298996E10,7.463404535643825E10,9.74152555069351E8,-33772.601805907965,-19001.840110882946,-352.4198804871385,5.184202775212672E19,-3.493033344529093E-10,100.0,498346.16858109384,0
2415,1.4386267664805037E10,-8.022659727356868E10,-6.41408434562544E8,39547.786143257166,6839.362333592308,-65.30488025697181,9.333186524101684E19,6.348025784703794E-10,100.0,606243.5234090507,0
2777,-1.011260838425811E11,2.225248540531391E10,-8.443953211691804E8,-7492.624853914551,-35084.83302415626,-288.32959227299983,5.07445562604206E19,-6.973732970449136E-10,100.0,494804.4725942944,0
3139,7.395824193596344E10,2.6868065595159897E10,-9.482128567945812E8,-13854.371670057071,39671.82625250333,656.2403723010901,3.461600187462712E19,-6.990128580724319E-10,100.0,435574.81964407366,0
3321,3.613191023701526E10,7.53505117128916E10,7.380648728318945E8,-36889.25684144197,16663.2128209855,522.8401908076738,2.066853097374729E19,6.047978380895171E-10,100.0,366781.143568841,0
3361,-7.823034769345767E10,-5.743584414989799E10,-1.704132342311638E9,21627.631337531213,-29806.802546689625,-876.2962565049473,2.2182476627093172E19,-3.187878859586898E-10,100.0,375526.4004689423,0
3586,-6.480168484225691E10,5.282896045559435E10,1.529848721949225E9,-25414.16074590959,-30589.17462551748,102.69375347905351,3.1293059267482518E19,-5.784731014493952E-10,100.0,421165.8387226369,0
3864,-8.946509078749455E10,-3.459476123986582E10,1.8107645518217788E9,13140.554692379596,-34803.43526951786,-149.97483860555923,8.217844134008467E19,-9.064855475275578E-10,100.0,581062.8325363826,0
4118,-7.403706858214417E10,4.335100953954223E8,6.384931037270833E8,-291.19618064935264,-42252.45314681044,-222.8866158208698,4.397672261233259E19,-7.500300443126218E-11,100.0,471749.46571275877,0
4122,8.848032636475818E10,-5.889337187190636E10,8.2944382350353E8,19631.81112735776,29517.728660241733,87.00549794239109,5.215369040959756E19,-3.5596309216246425E-10,100.0,499342.82253074873,0
4172,-9.840171929207147E10,3.122298354501471E10,1.2747573660759284E9,-10161.5013555547,-34030.81027040642,94.96021942415919,7.735027515961472E19,7.528874246920755E-10,100.0,569452.8242589313,0
4317,5.576250885174954E10,-8.212119272025449E10,-2.330278679507341E9,29899.743116232155,21324.756151671703,82.85569435308311,2.200595966701731E19,-8.529385833675172E-10,100.0,374527.66339098837,0
4353,5.062886281462528E10,2.2856231717944363E10,-4372750.542321997,-20871.43057065196,44527.68156267856,739.8742175227375,2.526571627490715E19,-5.699670648864682E-10,100.0,392175.9902762532,0
4582,-5.327128226550774E10,7.42243537912919E10,-1.2294051799044672E8,-31123.798775186027,-22614.647146038016,-864.1204500030094,2.111723044207938E20,-7.241758052799671E-10,100.0,795883.4062107985,0
4889,-4.1666569293842804E10,9.399137582464264E10,-1.3050374963590128E9,-33253.95065677394,-15049.405092939014,107.96519191317707,3.2195215460836514E20,-1.6127245019337633E-10,100.0,916011.4638013717,0
5052,3.75736355538926E10,5.0241134922545876E10,-5.2608102381999993E8,-37543.20480926546,26937.915469294036,-928.7881204690536,2.4361372315064275E19,-6.546758304757595E-10,100.0,387439.9321205081,0
5442,6.4818831741757095E10,-3.927643304044213E10,4.8853811301256907E8,21532.429067733327,35688.85120724073,35.06328617142409,2.345997736044364E19,-9.56409934944951E-10,100.0,382601.1987942407,0
5464,-5.739654702883835E10,7.698264631188675E10,-1.2665115095421855E9,-29762.298631249298,-22413.585278313938,972.0450398945958,2.802192770451066E19,6.397286061042627E-10,100.0,405947.43314875936,0
6116,-8.132314421452397E9,-5.16409261371945E10,-7.258227428549622E7,49910.11814972748,-8509.082167349603,-124.24216840117518,4.542534494145574E19,7.59195864136595E-10,100.0,476873.5208063474,0
6148,-6.199251517085096E10,3.0876493889066673E10,-4.49953576757746E8,-20162.090776008085,-38246.267830587276,-63.22245745398015,5.3983432248273764E20,-6.321165182436917E-11,100.0,1088238.186611662,0
6218,-6.4686607122008385E10,1.7341424461315952E10,-8.239512623676429E8,-11350.664190536963,-43539.054726925264,-476.7769129953479,2.3798487280475927E19,7.280159281826865E-10,100.0,384432.63443152234,0
6250,-7.485928436253763E10,5.6075519912576614E10,-2.221616590888151E9,-22338.592214377615,-29953.71787508577,328.41067858141446,2.511007362014853E19,4.945330828326813E-10,100.0,391369.0327232334,0
6668,-4.696683971033722E10,-3.3505109223458973E10,1.882257915395513E8,28783.9471453778,-38077.59249228723,-351.9446047459714,2.8306221825991004E19,-4.441292377608094E-10,100.0,407315.65171119414,0
6701,-7.452789122180257E10,6.596606640083362E10,-1.2071711061115055E8,-24722.61326420174,-27387.728950801615,740.1283145721126,1.0184183684183017E20,-3.177903364044699E-11,100.0,624135.959071134,0
6703,-9.6480291691596E10,-8.792174615912275E9,-5.66362909894523E8,1008.1091587309309,-36793.54174134043,362.68862180049115,3.139667420274904E19,5.591922674816325E-10,100.0,421630.1695345517,0
6969,-5.275198505654525E10,-9.097284040134718E10,-2.019063312287548E8,30695.665978293368,-17759.8522246798,592.599140101459,4.164962726744762E19,2.811921893821253E-10,100.0,463277.1034769322,0
7365,-1.020947515729985E10,-7.816282255198245E10,-4.7892288316086006E8,40888.88528900261,-5023.478406033125,-475.2652404257039,2.570556564605323E19,4.224830703664734E-10,100.0,394438.6997731483,0
7565,7.474189991044699E10,3.3816682162001854E10,1.39919971488781E9,-16907.52729569299,36649.260868747704,853.8436251650124,8.346394337209829E19,-5.154541024037207E-10,100.0,584076.9892911008,0
7743,5.476455105494652E10,-8.083790723771048E10,-3.3883076494883907E8,30881.076230974504,19697.47056160204,266.53031669997927,5.974279721628614E19,-7.059060167572146E-10,100.0,522475.16024447145,0
7802,6.025851435937561E9,-9.379598145192172E10,3.9246348359436727E8,37123.197611882926,1898.0647459904392,143.52603196568853,3.1400391138807505E19,-6.211196048477138E-10,100.0,421646.807289775,0
7969,6.687471096509303E9,7.889648360378642E10,-1760445.743165101,-40598.6309808833,2735.766604552671,-133.78002311573775,2.188202090722522E19,8.660755613826879E-10,100.0,373823.2191959811,0
8086,8.059574994842809E10,-5.385139423452892E10,5.573910232564119E8,20102.801178321657,30695.45741092098,682.122298021182,6.641675404056985E19,1.5929791653730253E-10,100.0,541248.0513682348,0
8685,-8.18297346128299E10,5.9570157385170944E10,-9555670.656378064,-21785.52208648329,-29258.72413936446,254.53106532048,2.735855166828681E19,8.232977499391782E-10,100.0,402718.4231863095,0
8712,8.777180198663233E9,5.077413218170955E10,-3.58288650550653E8,-49871.651861998624,8782.970116864646,123.55215712386222,2.3193507732140704E19,5.840283452431607E-10,100.0,381147.09027800953,0
9103,-4.607439567336872E10,2.56132924084614E10,-6.782956883016713E8,-25025.108145323,-42785.062347339124,-107.24688754405683,4.183632769740175E19,9.074721236393261E-10,100.0,463968.30705889524,0
9451,8.982772062458807E10,-4.292068006451446E10,-1.846080372349707E9,15305.935650434963,33560.96442628012,185.12459483161018,4.415303339335021E19,-1.1861415997001978E-10,100.0,472379.0685627867,0
9525,9.744450156467569E10,5.223251273102542E9,1.0118720584056652E9,-1974.9652852588652,37643.68593565532,264.57761327133954,2.6009077716957553E19,-8.797280439818522E-10,100.0,395985.0419024432,0
10405,-6.889680960393384E10,8.10017883493071E10,-2.0252303584120739E8,-26758.2991046307,-22765.958445311135,-193.65865138528167,1.8620840746145087E20,-5.092691624114643E-11,100.0,763197.4175728504,0
10436,-8.906376992242289E9,8.352395306282294E10,1.0341040739880967E9,-39812.16899738676,-5717.431023793459,322.73714943004705,4.089619231861546E19,-8.560360244868881E-10,100.0,460466.55156036175,0
10807,-2.922902615993469E10,1.0301332693836546E11,1.723855656383176E9,-33691.69271973707,-9816.259780201115,186.50703700447764,8.840021335776425E19,-2.496769817853093E-10,100.0,595371.7648371173,0
10952,-5.512325179605023E10,-5.8760380166831955E10,2.2900475634560373E8,30033.99347053656,-28245.787599502135,595.7248683985357,2.0524779349123043E19,-6.103538395789803E-10,100.0,365928.83180133114,0
11259,-4.068883180937469E10,5.4488805310880745E10,-6.144311903494512E8,-36717.19974471845,-24672.173059315737,-709.2004538780667,7.301884435236293E19,-5.0013254634514565E-11,100.0,558618.6727781512,0
11279,3.469234807076308E10,5.336698650776126E10,5.253645277948955E8,-38216.74555063501,24699.558341993084,148.2778443912007,4.268216127539343E20,7.676337489528355E-10,100.0,1006280.9807917728,0
11372,2.558619384772215E9,4.747249753935592E10,-3.2233678831215566E8,-52568.83455134212,2953.345633496678,-47.46067082762415,1.1301585787609748E20,9.461862798835778E-10,100.0,646175.159803931,0
11417,4.298708186917253E10,4.7141390806366486E10,4073230.843038261,-33984.49991273851,30827.14945298466,428.21118644928407,6.031255455365398E19,-7.563186230038889E-10,100.0,524130.8282674103,0
11422,8.571511766775893E10,1.7346385862430557E10,1.1958702996709092E9,-8985.352845763999,37848.842717030704,155.5870018739024,7.0911641908921385E19,-5.354482306220545E-10,100.0,553192.5346462679,0
12225,-8.141415628803793E9,9.313098740232652E10,7.323313870131813E8,-37496.982112648904,-3004.144914393369,-623.2557601408375,4.01214618911725E19,-5.251142508035478E-10,100.0,457540.32871050877,0
12261,-5.5130932884732346E10,-6.7861605805535995E10,-1.748516410043863E8,30188.638472381812,-25554.051437867925,-716.2861357105419,1.3857839734218334E20,-4.967424709275956E-10,100.0,691622.2796778103,0
12319,6.260046822484762E10,2.329017214843979E10,-6.017342909668132E8,-16342.708043657465,42565.61439661569,469.163821412591,5.071593570936907E19,1.9531741936817671E-10,100.0,494711.42983936,0
12571,-6.436416770187497E10,-4.797481814305314E10,-8.748717284117674E8,23103.012694373178,-33145.35167483371,-26.740822841015714,4.142081160725492E19,-8.314633254216595E-10,100.0,462427.1576931495,0
12584,-4.261227030906712E10,5.905159706023115E10,3.9160907330379516E8,-34243.21944326986,-25809.69968051961,451.9319421879577,2.7665915007620055E19,-5.368270169249834E-11,100.0,404220.9418896702,0
12744,5.965581539993968E10,-2.7548069283123127E10,-1.0870694256416275E8,18830.050404396352,40809.46368920961,-84.4564914070312,2.2216802418654544E19,-1.734248957339928E-10,100.0,375720.0006992376,0
12917,-4.5349945827031555E10,-4.429823568324876E10,6.706867511957234E8,30779.728235427647,-32776.380278712786,460.85858552070073,3.1845489218613543E19,1.3354818596200503E-10,100.0,423629.7374353946,0
13050,-5.775470831556466E10,-5.306119918550166E10,-2.786486936099856E8,26946.81139404747,-31311.992320139645,-334.1290793370625,9.376654133927844E19,8.767714836743769E-10,100.0,607183.222213331,0
13450,-5.774859320041209E10,-2.0758483886539654E10,4.915720061713154E8,15525.599355381666,-44568.53102279394,1085.090605137763,2.034290423510241E19,-7.215101366020182E-11,100.0,364844.7616271025,0
13626,1.7307681131835068E10,6.765318357415788E10,-7.172359986562095E8,-41618.35587185929,11175.997758440137,491.0160764641055,2.9513444770596495E19,-8.743436506638735E-10,100.0,413025.72082062706,0
13695,-4.963210756143857E10,2.7311824658759983E10,-4.4844060970670515E8,-23488.932125342017,-41887.355555651746,-7.3205267869060835,5.916058079546416E19,-7.159980030028215E-10,100.0,520772.3766562126,0
14179,5.735070557695807E10,3.402507876906151E10,1.2471256596841733E9,-21939.61258269153,38916.96477646777,-206.77654936605074,3.0747884431253676E19,9.579643669870272E-10,100.0,418705.7036377972,0
14257,6.145073000661518E10,8.378070625099503E10,-4.740669195223673E8,-29240.002798822272,21069.63518413939,-42.95251628202501,2.503381040000185E19,-6.576775462928468E-10,100.0,390972.4146039638,0
14312,-6.196723057230334E10,5.8270269241109276E10,-1.4909676061905468E8,-25895.170710881986,-29970.393617980284,637.9796954693585,3.4236188920462148E19,-8.960302881078635E-10,100.0,433975.8891547771,0
14375,-5.59289272196465E10,4.0638347204774025E10,-2.5164529694613457E7,-24508.67105953061,-36395.78184627614,195.73649778559567,1.6591788734907718E20,-5.14435244828844E-10,100.0,734403.71758855,0
14445,4.80096855605108E10,3.4712553230971856E9,-4.97741180868762E8,-4141.737953537559,52251.06853314969,654.5752208750596,1.4685495435954941E20,-5.582951410770553E-10,100.0,705125.8957689246,0
14467,-3.888330738068187E10,5.779905960842269E10,9.122097623311613E8,-36693.97602028682,-23971.701450634577,951.8578371868028,3.19845916709489E19,5.40274941210122E-10,100.0,424245.65243098483,0
15580,5.65192371767179E9,-5.935433272776538E10,-2.2278091187881783E8,47435.63090645641,4182.3230118344145,271.35159954086856,1.498934561678351E16,1.0543792698676865E-15,100.0,32953.23241449372,0
15583,-5.341976467390457E10,-3.900183904002752E10,-4.7954261538006794E8,25371.679720067576,-36529.59459524212,-582.3022942447519,9.888548653894458E16,6.955794453141482E-15,100.00000000000001,61803.72457773381,0
15610,-1.5953636836120813E10,-5.9756719804990944E10,1.7469621497431657E8,44611.3357055206,-11723.971884138022,-668.9003669683868,2.1974380674204624E17,1.5457200096260282E-14,107.59706442467517,67773.64563748885,5
15615,5.876814029348665E10,1.4419190891274534E10,-4.97625485693491E8,-12263.302399647237,44962.81881504274,-165.2308376354147,7.440393129892766E14,5.2337149842224416E-17,102.0,11003.29725759446,1
16241,-5.197521756007011E10,5.033120985171068E10,5.9853717576288946E7,-30770.225631641755,-29719.468919150804,-388.4409077946906,3.539806862851754E18,1.681678473807236E-11,99.99999999999999,203687.15984247526,0
17586,3.568086521777375E10,1.010948707292799E11,8.457408523193077E8,-33455.96358800193,11234.638229921102,168.49224218175297,7.116281015447176E16,-9.40905580495986E-15,102.87739030809351,54863.24784471256,0
18676,3.0510413224253124E10,-9.624456809736978E10,-1.7368110191915388E9,34078.40649617764,10600.148243114312,56.43778352062873,1.690508304471415E16,-1.4665559632774314E-13,100.00000000000003,34301.21995541304,0
18740,-1.0096655463622943E11,-1.902253777405009E10,1.1877760006858993E9,7373.162046772059,-34595.01908709985,44.641228016410544,8.857291698911994E16,-7.683910173744266E-13,114.72134681710159,52048.69505455427,1
20127,-4.1253041167249954E10,-1.6421419447019821E10,9.980029847649911E7,20780.80209844563,-50325.06341048378,41.02957929793119,8.27633593545524E19,-8.103228158859182E-10,107.79572731200005,537058.8215610661,4
20334,4.9802477314464874E10,-7.111809935017735E10,1.5116550948499784E9,31587.74308689253,22781.38749138055,74.14127091699795,1.2668441300664259E19,2.7599933447256238E-11,100.0,311562.26904062164,0
20605,-4.2584029956974304E10,-6.351781906669195E10,4.9948895790378314E8,35366.197758182534,-21862.009196765288,-575.9234666002615,3.2818471063880466E20,1.405423427433848E-9,102.0,837587.7805121912,1
21054,9.321422696302768E10,-2.6411696805473125E10,-1.3290124613348236E9,9904.415739318487,35559.00348343425,-152.55466792603147,3.5192872300043166E19,-1.7184030926293708E-10,100.0,437981.0981020068,0
22365,1.5744972961493336E10,9.674098113648634E10,-9.52339778337114E8,-36621.08712565003,5654.60631581712,124.62984269415772,1.8394359721533143E19,1.2913983518908927E-11,100.0,352802.7990097546,0
23006,-2.109794765457247E10,8.318561417207057E10,-1.2685080097968662E9,-38810.54445976584,-7904.644756995461,-107.84255622829718,1.977204223716267E17,-1.199914652362837E-12,100.0,77861.17859586682,0
23100,3.6759698420548387E9,-1.004908217515898E11,-2.1154021610085783E9,36282.06616265145,1887.235785270575,-569.5905378404398,7.802664608953547E19,-1.2934711860904572E-9,102.00000000000001,567296.1715628685,1
24284,-1.274811834272803E10,-9.766548969993166E10,1.960437754517113E8,37091.99061345349,-4254.623317989336,692.384867063697,2.8008821100372812E16,-2.044962247005236E-14,104.94670279333872,37855.390516450374,2
26155,8.556679582693474E10,2.6415193130654945E10,3.2928144633116335E8,-10593.56025123755,37331.520126233554,-64.7550430815447,8.638743045253933E19,-1.9519217457306468E-10,100.0,590818.3594028828,0
27178,1.4638479636186539E10,7.032637932724788E10,-3155935.521709006,-41652.547389698884,9446.275395721046,47.79383609209324,6.459943583741783E13,-1.077702092342592E-16,104.9156559850955,4699.659369287161,1
27515,3.0871199476395912E10,4.310142923499693E10,-7.278385988444923E8,-40363.648874850405,28672.8876459303,-66.46604663199906,7.192082395225162E15,-7.763450213029955E-15,102.73490788381741,24080.65845017386,3
28587,2.259020488692176E10,-4.418993861551579E10,2.1770615064101073E8,45143.54619584005,25547.12756761069,23.929567336301332,3.281168588469255E17,-2.783872612987876E-12,99.99999999999999,92182.11013812714,0
28856,2.1295114355853344E10,-4.360111517517237E10,3.001701994004014E7,46496.1545939154,22734.881615102287,-177.10165446534833,5.719896528988688E16,-2.3854275851122663E-13,100.0,51495.172951847206,0
28883,3.3498798542526157E10,4.094511887600283E10,1.0381352908694845E8,-38275.5270999357,31525.868355389197,79.45675883905884,4.72981340374709E15,-1.972522983335659E-14,102.0,21749.14792568191,1
28937,1.6986976694474903E10,-1.0455230954724211E11,1.703050623023915E8,34687.69048900936,5200.420425281959,-422.3565810590306,1.28455447502848E19,1.1413742080458042E-11,100.00000000000001,313007.4244709343,0
29095,9.34810065856172E10,-3.731136521222622E10,6.51368528010358E8,11913.157510630634,33817.506596251114,-512.6325510429716,2.4639585979781536E16,-2.544704105138375E-13,108.52730924405887,35264.7395286216,4
30968,6.85707844384973E10,3.008720140347704E10,-1.583617229610073E8,-16431.60396045883,39905.24936832936,14.71245013816576,7.838931058286992E16,8.424754394331178E-13,103.60326428123042,56528.17077948563,0
30990,4.037404093186123E10,6.718814105539484E10,2.4269895615116754E8,-36164.97906701763,21578.291302187645,102.72027105302762,6.095933413410322E16,6.551498084408671E-13,103.14535193945585,52059.578523285396,0
30991,-7.796417661496185E10,-1.0687670600120611E10,-3.826817553477403E8,5267.81567928428,-40635.959198522774,-26.098058982899843,1.8287800240230963E17,1.965449425322601E-12,103.14535193945585,75082.90475559315,0
31641,-5.9315556086511566E10,5.556839682461474E10,1.0258355100260837E9,-26874.186032844835,-30477.482919351252,604.6663667548275,1.2189902633433373E20,8.203921344162826E-10,108.08600701893099,579803.7898845893,5
31773,-7.259711042696869E10,6.883128203306049E10,1.0520100939075987E8,-25155.698845810577,-26674.194893607564,-156.771785538217,2.6854605453965517E19,-2.7238030731005247E-10,113.99041017599754,350408.33544277615,1
32716,2.925487984511022E10,-1.0268466993185175E11,4.059990539487489E8,33711.20692960833,10443.594890532819,208.03252308068537,6.373347309876021E14,-6.464344828426378E-15,132.1743715351954,9639.829224132605,2
34051,5.939078447105238E10,-3.491668023875156E10,-1.8648346583719617E8,22456.35013151938,38012.72799110883,-6.118445294370029,4.856110656359124E19,1.0343136921110053E-9,99.99999999999999,487603.32119806396,0
36648,4.3028054936533554E10,-6.495370025999009E10,-1.5617291164311488E9,33952.31274803896,23145.5925083813,-422.37900596336294,2.0328527552379145E20,-5.51511585975799E-10,103.88888888888887,716917.4258766444,2
37019,-9.845394049918767E10,-4.415422086678186E10,-6.926420371866391E8,12874.976983900668,-32560.33460815094,181.00399156500268,7.012331651796316E17,9.097129327673863E-13,106.07759181324268,116873.01405990991,1
38044,5.702256273464949E10,-5.976585979730104E10,-1.4241653445607274E9,29770.77805352959,28113.315699268423,-290.0004483797855,1.1301835254198955E12,-1.4891270916213007E-18,105.69183976353521,1273.5374734112456,4
38077,-8.126413411857292E10,-1.6432233389595531E10,8.967215697662253E8,7365.451349860995,-39167.76537853476,89.36814797697893,4.923132299787762E8,-6.486707263341235E-22,102.4097345305055,104.69771876504154,0
38438,6.66892584786869E10,4.421101171224564E9,-4.716140997354799E8,-2398.555292243786,44064.06755874187,-331.31721071531666,1.6475923248854072E16,-2.6369471103014524E-14,102.46278363582196,32614.17920285778,2
39659,7.787364906227759E10,3.819098439654644E10,-6.678026909423176E7,-17700.60688041889,35458.864185299724,616.5736476543276,3.5225171383366865E19,-4.417472582096592E-11,99.99999999999999,438115.04627139855,0
43743,-4.028424923331983E10,4.326010699611246E10,-5.908653669942187E7,-33829.2254250633,-32607.387884540356,372.95581443642584,3.933184967239134E20,-5.84948353389805E-10,104.15656765851178,895142.9105356208,3
47798,-3.1188859841178623E10,-7.13421273493441E10,1.074585339260478E9,37578.89986108785,-16320.127112091423,-349.56109507526725,2.312605787238737E19,-4.992388314693232E-11,100.0,380777.2557606294,0
48602,-2.758820961553766E9,-4.406409600236677E10,-9.410613949880993E7,54652.366176047726,-2038.0767679208907,-50.10060303106381,2.4072451106294764E18,7.358788296974882E-11,100.00000000000001,179119.92607239902,0
48712,9.294071396215332E10,4.148641675205135E10,-1.487988871330844E9,-15285.110139153998,32667.177561119068,475.33569194619054,2.703000023238652E20,1.0738954968772563E-9,103.8888888888889,788344.1435342258,2
49628,9.907047254794994E10,2.4148098203230896E10,-2.289570751579817E9,-8222.756818899203,35034.2781109066,89.34230059883002,3.8862877313161904E19,3.9777805999012046E-11,99.99999999999999,452705.1628610447,0
51566,-3.872468407398047E10,5.846504992648898E10,1.2148060214743922E9,-36016.34219709872,-24396.334690419462,-781.9043859122345,2.5827676786261882E20,3.958456364326252E-10,102.51535962494451,776416.3949224391,2
52039,2.425047932784858E10,-5.449279073260705E10,-1.1719128768671699E9,42635.87111205772,20016.966519177047,-92.83289645607273,1.8277955382405274E18,1.6494920555089905E-11,99.99999999999999,163410.3905103047,0
52455,5.834007170552637E10,1.7208932614292786E10,8.357992915159272E8,-13929.073393575369,44470.55480063681,-252.7073922203574,5.079731108741877E19,-8.496055243187663E-10,103.16213407788052,453920.6513061594,3
52562,-5.287852494262108E10,-1.9232881134207437E9,2.6467793583716944E8,2374.089570516121,-50099.33083093652,800.0169493839697,1.7004539417885052E20,5.2417871279775105E-12,111.21893651297883,682753.7731033537,6
53258,5.5910790278926315E10,4.351991265899156E10,-1.5319172452591112E8,-25895.60929525027,34309.06832372636,-647.1244935376263,3.5845632510699385E19,6.92369018491672E-11,102.12913502332536,434709.07728899305,1
54363,2.389819836236943E10,-4.675151567928988E10,4.265147794174877E8,45395.42956814446,22620.09408234252,-286.77155776407614,2.2951289111129924E19,-8.896524298440304E-11,99.99999999999999,379815.6231248201,0
55873,-3.742262994465877E10,-4.9246607349995735E10,5.762852666796615E8,36563.89676127688,-28540.12544148101,-144.15802032473067,2.173687029485267E20,-2.816703790711361E-10,102.86859374999997,737640.1427079746,3
56294,-1.493087508009203E10,8.193154488414383E10,8.798686718995292E8,-38848.19605010073,-8061.643140691753,-543.3022237079764,1.27026778000502E19,4.805100984552337E-11,100.00000000000001,311842.6825648035,0
56399,7.566220647213052E10,2.054164556286986E9,-7.884282892460601E8,-2161.6344058677714,42059.13130472718,-100.43343228382541,3.6197442361869056E18,1.0949424354559359E-11,102.00000000000001,185218.1132375194,1
56487,-3.756756327407714E10,2.720166238014764E10,-2.1319990159527235E7,-30354.08779308954,-43667.37413569806,419.9762546517351,1.6079824840343478E19,1.0455073694693415E-10,102.0,306491.1856725038,1
58117,1.0356375763760803E10,-5.6517386582299675E10,-2.885501863344942E8,46818.4931309139,8085.499093351106,746.6448396978586,1.0154011869318423E19,8.50937738745557E-11,100.0,289411.8787169259,0
61710,2.9991338563675346E10,6.919502898968318E10,-2.5638551981896016E8,-38602.68150221792,16345.55234776882,646.7618993178304,8.722889448654478E17,-2.438743426443524E-11,100.82789342094836,127349.43479631371,0
62798,7.09090509336532E10,-8.266837787611163E10,5.516175336965214E8,25641.535076897755,23322.113399525613,55.44726099812812,7.0576721018583966E19,-8.764714457918654E-10,111.53642093987695,509287.45301681565,6
64302,6.441381457668951E10,-2.5477682202918045E10,-1.9553487245169935E8,15668.218788949931,40618.31008786562,-268.108454667918,1.2119839900234183E21,-1.3597012146421837E-9,109.66730684605164,1263758.7535605577,1
65388,7.00793446988728E10,3.957944012390564E10,7.752950219212189E8,-20422.269682533544,34758.008752722635,-285.14189976082474,1.0203177786943293E19,-3.049972042144605E-11,100.0,289878.2394136337,0
66054,6.265419959359104E10,1.4290690481654964E10,-2.125544946190935E8,-9904.069151770984,44130.96536530267,-176.1875068326161,1.4110134967777268E21,1.912872653645616E-9,111.64505926788837,1346500.265395193,4
66658,-9.180944989554057E10,-2.0491366968412933E10,-1.9605489066344914E9,8023.863768357845,-36409.25656450182,-83.98857672787999,2.6707263246305152E20,-1.3499698043086452E-9,112.74868753578744,773348.2766988337,4
67142,6.623136012452162E10,-2.7978710759868107E10,2.463785043424593E8,16274.828339670885,39782.95049471452,-425.0804119108533,1.0459930058342169E20,-4.911607278949E-10,109.94507570630468,610128.7119538041,0
67431,-3.934252887902146E10,-9.907573855732054E10,1.9569437611781518E9,32500.244630614437,-12626.040905469761,254.76182118024693,1.4671987320437626E20,-2.504874969711815E-10,102.0,700271.9338650155,0
68022,6.3494329075526985E10,7.755189820537202E10,1.14967603814595E9,-28604.51525869622,23481.490179126973,516.899467437128,1.3993253510610633E19,-2.0622815302902637E-11,104.771596224,296971.91888722265,4
68128,2.0052130133163864E10,-5.155027499555715E10,-3.7392742071110696E8,46118.46369064932,16561.386029315956,-39.34511526562335,6.6626365220519354E19,7.547486013291842E-10,102.59469305046548,494124.4051634003,2
68192,4.261077127491754E10,-1.5252117944524794E10,1.6686155235908177E8,18742.420370467193,51035.473305083644,-831.2204549861847,1.05422063933387E20,7.063080009382083E-13,103.8624107142857,605926.610313684,2
68264,9.455761678871263E10,3.798635435690897E10,1.672002697102297E8,-13666.377781124018,33379.5879188042,684.6493419412442,4.981173195476139E21,-3.092729469120777E-10,118.84026802915429,2008007.0356954953,4
68481,7.273588867356107E10,2.5273304876126167E10,-1.351062249613286E9,-12096.762239291747,39615.6142293677,41.76582153396334,1.0067351493965732E20,-4.0873418592645193E-10,99.99999999999999,621740.0935706549,0
69522,-1.1345933282463154E10,9.819354124247118E10,1.3041105556682963E9,-35911.530643593534,-3973.9500467279754,-99.44953278049498,6.724120626861105E18,6.727812244625036E-11,125.09536958081672,221104.9702671762,14
69858,-6.426863069180164E10,2.7438646350537483E10,7.683182370155809E8,-15734.476815391627,-41173.53027426405,920.5070393181737,3.6144409125275225E20,1.1229709195983432E-10,112.23420242056787,870253.8875587627,5
70412,5.142606222079488E10,5.9910583913873055E10,3.689898019274521E8,-31490.121557540057,26760.394449267016,-245.39056872202042,1.2610463091458848E20,3.150275290423188E-10,99.99999999999999,670214.9977220745,0
70459,4.4087168516771805E10,-4.153144102003237E10,-1.995745661941333E8,32276.862137389806,33381.30699767832,-456.4898736425026,1.4735837432652736E18,1.4347395414294345E-11,104.24808000000003,140238.55397684727,4
70618,-6.06844256533046E10,5.8487018951701385E10,-8.114810368648187E8,-28117.921051911795,-29054.00555108072,-496.976109136988,1.640408967140147E20,-6.979102868723355E-10,104.68918022400001,674621.0103139558,4
70942,-9.072523798996198E10,-5.9639245523993225E10,-9.932444136801657E7,17696.309631979213,-30174.279002231175,287.6805862271565,1.7754630379375054E20,-1.4377967413157547E-9,104.22168750000003,689524.0475388872,3
71343,-2.8446240452910736E10,-7.426930612488878E10,9.405676487202786E8,37634.031608865145,-15463.885276777275,-266.12883572298716,8.054766406497881E19,-1.3284236476074158E-9,107.82860273807657,564323.2997577278,2
71480,4.8256351374023315E10,-5.401825814237643E10,-9.412277544963267E8,32362.921497897027,28041.764691577766,-148.38180087336738,1.2786851603279517E21,-1.6930869361739197E-9,115.50306956143662,1281139.7487680127,3
71482,1.3722782609757376E10,9.463143410263193E10,5.900614613391764E8,-36981.47950004797,3817.1707295562273,-282.62487984619503,1.3723194471642376E20,2.074796766572465E-10,114.11109273702185,603346.4009793506,1
71512,7.647105289418747E10,-5.9930133107240845E10,-1.4626492523793876E8,23905.87623737817,28537.797761105885,-503.6927987322675,8.993891960894495E18,2.230398898828988E-11,102.0,252526.39183600352,1
71788,4.864346258441243E10,-1.2938885742931826E10,2.932358582778471E7,12466.687627320363,50123.30131192058,205.50482990741202,2.4114842617443516E20,-1.0342069841337256E-9,102.56866895781724,758727.4564727669,2
71878,6.963827686575874E10,-6.642162868498675E8,1.0901371704045515E9,-480.95891233874215,43151.78920913674,-418.31677074788985,6.823556151621806E19,-7.164562004169321E-10,105.66523772124981,499653.30987567944,4
71937,-8.951017609497794E10,-5.367819174577021E10,-2.9629286395772105E8,18143.670302440998,-31025.534731147145,-65.5842745842923,8.228719389794134E19,-6.146673459663995E-10,102.02089587519205,577329.6960960248,1
71994,-6.810291632567731E10,8.141027106686087E10,3.501226491867569E8,-27034.528068592404,-22654.43116973204,96.5339740513894,3.5528733677174235E19,-2.849590051574456E-10,101.99999999999999,399194.1125546306,1
72117,8.451123099891225E10,4.897501133392783E10,2.846916675596101E8,-19078.247162511514,31509.729015479184,-299.4801186386925,7.743565088661483E19,2.228772051700797E-10,99.99999999999999,569662.2592931662,0
72341,-5.144539648941843E10,-3.251211536482745E9,-1.1267359056666088E8,4317.925635219412,-50247.647491030795,318.852654233935,2.140997654705161E20,-6.448590710193673E-10,104.71530223103336,724210.098946943,2
72357,-8.282585938108481E10,3.081472795789186E10,-5.746332447489959E8,-14388.287551611611,-35615.58874046217,-243.39722148045666,3.273759772516224E18,6.860178706427414E-11,104.14336000000002,189529.68927325652,3
72402,-4.861588330486172E10,7.783051167708794E10,-1.233766544358374E9,-32167.15670200607,-20264.601827890267,-462.5137514909044,5.5252348260751894E20,6.161872006224884E-10,116.31170556593713,1042828.5255595335,0
72567,5.977759299457572E10,3.412471438553742E10,-7.134745762758443E8,-20548.64243311761,38442.620590072125,-148.03493084294536,1.1061205813474515E20,1.7890343576834328E-10,103.48850921456044,634269.6211694222,0
72579,-9.376131603552794E10,-2.3023131025172436E10,-9.354702696176307E8,7821.602085505202,-35812.11802742044,687.6090966822534,1.0441502266199286E18,-2.6650245681453438E-12,103.75862068965519,111206.99891840856,2
72613,8.583437934125279E10,4.894142902279656E10,4.685159505146514E8,-17541.527475993047,32346.986825675333,623.1864835584283,1.555272437975194E19,-3.969581341547629E-11,104.46358987270926,302419.464094382,2
73046,-2.4208353786756737E10,1.0640322648256477E11,1.5995716371857885E8,-33776.37715102106,-7532.41866596367,-387.45737582262853,2.553986236769453E21,-1.243176163321066E-9,113.86057480992785,1621143.7752063633,3
73103,1.8756663787500565E10,-1.032355077595897E11,-4.4434528172982776E8,35131.52423370285,5708.169214385739,-46.23002593186863,5.599157250638282E19,-1.0852366114819471E-10,106.47531131436797,463978.3558171291,3
73609,8.604338313987657E10,3.594574017697751E10,-4.296295484914574E7,-15689.41957008985,35151.31866978425,-449.0164679476217,1.2598949459038807E18,-8.062260896442465E-12,104.76957522787072,142124.90272148125,0
73827,9.367726977988535E10,-2.6496994047069008E10,4.3387771544363666E8,10749.386428795528,35322.49823657355,363.64053108670805,2.5402299920041095E19,-4.5926167773326244E-11,105.0946885009529,355434.83310007834,2
74153,-2.521062233801414E10,1.0318817176207158E11,-2.340788091669567E8,-34307.5710944226,-8261.064472028494,-93.98932088874761,3.736117075265125E18,-1.760350426271058E-11,106.58346540284596,203023.98299401588,0
74518,5.7899552011548515E10,-1.8729775830872726E10,1.2320299583144438E9,14212.892061627119,44520.37484331407,-161.8503138731049,7.442005752589746E19,1.4047617225026288E-10,111.31051182137062,521129.2530790161,4
74708,-1.0406957890351054E11,-1.597501796508667E10,2.2282250361246297E8,5515.442152911751,-35124.02128541073,-187.33547489558075,2.874357965583999E20,1.7457253730986862E-9,108.93050885815457,799914.1493589829,4
74779,-5.595767198752856E10,3.0465148992514523E10,-6.136537817251954E8,-21898.12030729661,-39827.74360019151,304.45995965826563,2.427249360701987E21,-3.391272655024728E-10,121.13431720256334,1561309.0344979335,3
74945,2.2411887323534107E9,9.051248409949962E10,-2.0646964680651692E8,-38846.44671653669,847.4386491211891,267.71101737162815,1.7086871062400184E21,-3.5044518122190396E-10,115.10470435587622,1420689.0934413427,4
75083,4.733194164061612E10,4.162078374008867E10,8.16814408400518E8,-31106.573361788203,33462.520993535174,-11.44426148997419,7.491327239290332E20,3.384813211026471E-10,106.73613026600667,1100581.5918073442,3
75135,-5.86648723858041E10,-2.1147986451955246E10,8.682616807623472E8,14980.802871070257,-44519.06324255236,-120.25317437126786,7.371609449405442E20,-4.435405577467253E-10,106.89826337202813,1100288.1769154356,4
75249,-4.112258502211669E10,-5.39254819315622E10,8.546522826047881E8,34821.21563237557,-26268.050201362083,-266.1129251114416,3.3950893672144425E18,-6.38710734780064E-11,104.68419268032194,171614.46058553297,1
75268,5.104555232482597E10,3.938932702690878E10,2.0046566869270942E8,-28033.859587499912,35998.69617688561,114.12847395582172,1.8252888763885378E19,5.726940619077683E-11,100.00000000000001,351896.0019236248,0
75269,-5.888105164867928E10,-3.060249900211454E10,9.449400196403737E7,21370.1519936668,-39378.799519399225,1154.4791928963994,2.2816110954856723E20,7.158675773847104E-10,102.00000000000001,764402.8326365919,1
75395,7.951789703072168E10,-6.5610755755676735E10,-2.771211618386471E8,22425.90666266135,28427.25119843393,-344.69750255787574,1.5931289544365644E20,-9.607609335284983E-11,117.23851472535549,660687.0457358868,9
75417,2.4307311992746784E10,-5.57244194859879E10,1.4226949916441622E8,42389.466816236134,19056.601282437234,309.7897937801894,9.917939403794899E19,5.6829013977795705E-11,100.0,618648.9503579111,0
75463,-1.0295071255894836E11,1.731555808213582E10,-1.270816297894935E8,-4935.5943104961,-35751.100972891494,-299.28787650182267,4.167633416075352E19,-1.2435051317244309E-10,104.29415494186047,423398.8299529945,3
75669,6.73336425549366E10,4.81104415626403E10,-4.49351829259731E8,-21917.16136847875,33505.33232983993,552.5643716762061,3.974742101370304E19,5.356008816827261E-10,100.13425662850261,455910.1095406936,0
75678,3.3472195239576073E10,6.410204087378322E10,1.4007568742859387E8,-38024.472565963995,19888.090417045572,-188.318360837639,2.281653797733969E20,-3.7015847339969557E-10,123.46839314522606,736047.5811352056,8
75950,7.17356987031651E10,1.68099662661388E9,4.0854743538677835E8,1112.4109000995925,42792.6718785704,-84.71089869535577,3.023896577652075E19,-1.664465882672209E-10,108.4729759145534,395466.25203032116,1
76001,3.479638825494836E10,9.595823871434776E10,2.948868953152179E8,-33627.831271610725,12664.394425307746,382.46644663247264,6.022141644621555E19,4.686404700607344E-11,102.49111111111111,477915.17197511555,2
76025,-3.474575238466004E10,-2.9763984095166355E10,-3.172976101300429E7,35165.503017798765,-40836.05832464501,141.6003095942017,6.604591516619591E20,-1.1283510570379807E-9,108.79237381058505,1045617.1539015055,2
76042,-5.3631620853685165E10,1.2746461306601927E9,-4.8516229784571156E7,-1387.2652431769995,-49094.11542209979,-686.7730827522106,8.724176403153338E19,-4.0212416864711304E-13,100.92429450319142,590944.5099890276,0
76089,2.716396400610664E10,8.684727144350769E10,-2.5806137673403054E7,-36198.75494708285,11792.960712956019,-217.84845563729021,1.4482020902482726E21,1.1098022770587445E-9,112.9689775453422,1352900.5734644143,4
76175,8.587805646195671E10,2.4260752336683388E10,-1.2821574297127748E9,-10531.586238214366,37397.76724610212,-770.6625819197674,2.3027615667123879E21,-1.3288958004493002E-9,116.85184909430541,1541228.4744339122,2
76245,-2.020687765526088E10,-5.575508948726049E10,3.286768918142329E8,43924.649735019295,-16634.952597003572,-290.8799562981824,3.2636492602506277E19,1.3206902500783225E-10,106.09864364455525,388035.1091714004,3
76283,4.771640084161023E10,8.707544056081175E10,-6.491989151703695E7,-31736.522851541507,18393.377501496027,-1014.6565178396743,5.2452522334780844E20,-4.812273731817958E-10,121.76356119029273,942762.8719534745,5
76445,3.681373341152759E10,9.46366038578597E10,1.2949908604273374E9,-33435.99323317136,13554.269682483064,109.531614764378,2.460820155540517E19,4.878992785375189E-12,113.62209849174589,372542.78194296476,0
76579,3.9681128651751884E10,-9.720281302275845E10,3.247317237341744E9,32586.633964892197,13538.964242696378,173.7012268954696,5.6838347202813125E19,3.790131152054657E-10,100.0,513867.25454804563,0
76707,-1.2927802075948225E10,-1.0565538027788646E11,1.503429358411574E9,34701.14424452901,-3661.113547126463,449.1048294404554,8.044211702397623E20,3.1741893934089836E-10,115.81063517289711,1082520.0725034068,1
76800,4.055844341090008E10,4.174717284846733E10,4.9944099236522846E7,-33430.93470254728,33401.565111438715,154.29859176642307,1.0479507036400509E19,6.402703649179467E-11,104.38125119999998,269684.5720607165,4
76914,-1.0376841628432971E11,-3.57047502318544E10,1.0588585570088184E9,11015.828014456,-32439.466028235252,-141.41147768362626,2.735709832522125E20,1.596529643088758E-9,141.30332638287152,590170.4878257229,27
76956,-9.418391545206094E7,6.160710081848963E10,-8163624.208820732,-46584.907457886045,-1199.6312062184109,737.3392586468651,6.754253932628932E20,-1.8678381514481263E-10,108.45349744923142,1016361.4418769908,1
76968,5.899566356266365E10,1.219450278354421E10,-3.2361102310301065E8,-10837.414010157458,45885.579913361886,-246.1992692190856,1.5957398641098985E21,-1.694728655006312E-9,116.87443801110925,1392690.7398577763,4
76985,2.2902718284417175E10,-1.0335615662048601E11,8.225552704324708E8,34629.77515185791,6941.452199693568,-646.1973608566241,1.1529540740714396E21,1.1534686806199767E-9,120.35517893014853,1204961.9980989369,1
77045,2.5049784896529774E10,8.405797903803398E10,-1.2547020747973804E9,-36838.22632371036,10888.11545928769,-806.9098445367551,2.52388456507401E21,4.29098253217778E-10,114.55397608050966,1590537.9969095134,1
77112,-5.850855232422966E10,-1.9998437392050175E10,4.475119303360931E8,14470.138781988997,-44898.59830114537,-216.55394909142905,1.0769608046662395E20,1.3649810859158409E-9,122.79482647995725,503608.7106869778,7
77234,1.0458017661850893E11,1.9490306364332825E10,6.098597350606154E7,-6425.9191787039,34657.38374886407,-550.043449519369,8.585665907619304E19,-4.90225159580454E-10,115.44114596422317,523824.5369869348,7
77265,-1.844172407468153E10,5.666516951954158E10,1.8810796001627538E8,-44475.43341359306,-14568.38642184106,-1097.1680066913527,7.05568978315089E20,-2.5890865639971023E-9,112.1237132277667,1053440.2266974023,2
77297,9.95451961879364E10,1.4744985034241743E10,1.3549994976847057E9,-4822.219473852451,35818.141427444134,-588.5588075565612,4.064243734375047E20,-8.777550253065878E-11,112.70802384429834,951288.1790557777,0
77333,1.4615843579241468E10,-8.805453742691327E10,2.563023187570994E9,38138.81435171712,5762.836183071867,255.3291922109776,1.5295985797485767E21,2.740376057278463E-9,129.47940751541105,1292160.709418055,1
77366,5.807665007329194E10,-6.240251491190239E9,5.256428564529896E8,4784.1347097606185,47559.73946828606,-20.116809783494,5.023445867319996E19,8.09341136228948E-10,103.76007166745227,445500.39813044993,1
77391,3.468226750280289E10,8.881363796277684E10,8.831165201877016E8,-35051.89335882718,11973.429828673148,-78.82482671953113,2.541995511908774E19,-7.463415171008077E-11,125.97074300789757,338439.21773399686,3
77400,-2.4130158632097645E10,-9.981447384603679E10,2.056416088453534E7,34953.11058955885,-8502.399316571358,2.001671208519121,3.2534882948578825E23,1.075307582232853E-9,765.6662238787349,4797722.812362827,53
77471,-6.635188774946484E9,7.009953609187184E10,7.843052811811978E8,-43573.461394197504,-4462.928826802654,429.81466540178445,1.315890691941034E19,-1.119345465506233E-10,116.23678380858603,265625.4105602363,7
77817,9.315558335776964E9,-1.054204349996355E11,-8.756669729045169E8,35441.49483020533,2528.8474939976586,201.48968710340006,2.797884236815768E20,1.1767499993471677E-10,116.24437995636389,831361.143262065,0
77908,-5.048946163518553E10,2.309653394200959E10,1.532107434349578E8,-20252.078522055814,-44201.88059595136,-289.44474755194454,9.435544560148786E19,3.98533377173579E-10,100.0,608451.7159297056,0
77951,-4.325179479778831E10,-1.2821551598521996E10,3.573424017764397E8,14296.391782541225,-52670.16298608325,-109.75813393487235,7.373478269531973E19,-6.196623543227319E-11,115.31573966318334,499893.998069278,4
78103,1.0204178340275783E11,-1.551201016402215E9,3.0584146559371367E9,973.654997101133,35772.64535601943,25.057345439457382,1.4500028591609009E20,6.898315789079938E-11,106.5536699502099,634785.3521425835,2
78111,-8.121401740422147E10,3.505443515609892E10,2.0322049196598804E9,-14979.59994210636,-35568.13811024465,-359.00118804049515,4.926240456310097E21,1.8678962952377543E-9,126.6992199055319,2101604.640644305,0
78154,-6.907899175653438E10,-1.6453065428170042E10,-1.1470371937102807E9,11047.303394076001,-41943.02153326188,744.4455137066863,1.491037690720375E21,-7.364151697338096E-10,112.47401242001182,1367100.5700119438,3
78213,-3.604966419390497E10,-3.001183692081865E10,-3.127183169887101E7,34027.72199447421,-40594.544720712125,-3.5902567995211023,6.662493669689584E22,-5.807849348668073E-9,170.29067543791902,4088312.392425036,21
78984,8.491337116029794E10,4.396839729152271E9,1.0659149880737368E9,-3112.354616376609,39638.4716892364,145.20828484605113,2.3008849603645436E16,-3.183755514646893E-14,139.28266249294768,34038.44763500223,0
79077,-8.361741756277666E10,-5.405731601535325E10,-1.504534830579144E9,20477.699518586458,-30510.051178909336,221.8145460126898,1.095349392615371E17,-1.5156449493467042E-13,140.84040556603793,49488.65458165739,1
79361,-2.333603103935242E10,5.122043070883801E10,-2.3300824954742262E8,-44213.858488326376,-19634.524649519717,-418.4088021163604,3.3664638618446185E21,7.961035121333654E-10,113.81369021780802,1764638.3513710136,2
79397,5.1480674318123405E10,-9.373392797334985E10,2.72121974111022E8,30585.130472408448,17155.523641668085,-233.64981089886382,3.493003009381057E20,-6.39536155920199E-10,115.580053623681,852681.3259172557,2
79400,9.082300744550017E10,4.996326421440874E10,-1.2514354437870443E9,-16917.21448006505,32019.61853906141,-193.14878462839513,1.9159932118967824E19,-3.5080042307859016E-11,115.35504067859306,314880.58079357137,2
79419,2.869468025824181E10,-3.401203242548758E10,2.1666067212009984E8,42586.41288705929,34699.91226150371,221.73609292793148,3.0372748435666956E19,1.1693325405701844E-11,115.96099133740042,329566.6415328928,2
79446,2.825648013605695E10,-7.340799536900497E10,5546840.016389681,38898.55037169227,13808.860811952638,195.4393900480735,3.582399398135532E21,1.3647847232155127E-9,119.51535508740649,1779251.286033292,2
79522,5.481053199487042E10,7.199640569844324E10,2.1988887626535416E9,-30683.11043635675,23277.224127089732,507.4324231094798,1.59693297883127E21,1.8819127295333636E-9,113.03850531411503,1396395.4159563014,3
79582,4.7231759614138596E10,2.9685245820621704E10,2.3534659350336082E7,-25837.274332613742,41401.58306723957,-12.540208257453934,1.1987257122148261E23,1.5233955493497576E-8,205.86229184244127,4231165.934035251,26
79654,9.815562146001009E9,6.832241420925182E10,4.969085781216014E8,-43475.92040466332,5852.3146146268755,-626.9285143464613,8.752879575257242E19,6.196406069987647E-10,104.38125120000002,547174.8601373436,4
79671,7.51017122554819E8,9.552253335353523E10,8.654450148143216E8,-37230.258572203216,151.32210678197018,340.6784192352032,1.468287476780764E22,2.324266501014857E-9,138.42128930123562,2721087.7114765625,3
79676,-9.008571725160735E10,5.6346640205113594E10,-1.2157955953257253E9,-18001.166264705087,-30421.349240455376,431.4291258202971,2.6488654462622944E21,3.568765420884116E-9,125.71406545452652,1596618.7772035745,4
79680,5.742659342478738E10,-4.044529838709761E10,3.288506371424593E8,25532.666358592418,35351.51010910659,788.1543581893659,3.244875277518773E21,3.0504185504654432E-9,128.698620191232,1685574.084653194,3
79730,3.0861607361195908E10,7.699659895535716E10,4.670000736096607E8,-36940.15300814583,15270.940097369305,-834.857557219041,6.203677507278771E20,4.0730885548230377E-10,106.12882943956983,1022028.2217323022,1
79753,5.553840240074044E9,-9.205659410371187E10,8.681312243470814E8,37870.9005375551,3816.7615702005187,273.75320690456863,2.249933126379424E19,-1.365872574428102E-10,104.4932207744188,341997.60217700474,2
79876,-4.251987507107478E10,8.597594498119212E10,2.3164627220204263E9,-32992.13695461242,-17084.660317108537,531.8143076521803,2.0217709318815118E20,4.953066814412445E-10,104.38129183398276,723302.1302305807,4
79884,7.572477240349333E10,4.548521037832647E9,-1.205723980104693E9,-3525.529994860122,42007.309286413976,522.1384979760719,5.301332235749622E20,-1.3349354068033224E-10,110.90774180915962,971971.1467466243,3
79922,7.130946807580038E10,-4.513677160297598E10,2.0698840618434494E9,21518.634817135393,33256.655900040976,-421.3490091943667,3.933681967435369E19,-2.222472595832038E-10,120.1016541409358,379776.26023295743,2
79945,2.266452968980645E10,-6.8194691243270226E10,-1.0409955452694321E9,40930.554021455995,13213.707445771439,-341.1244427132106,5.1485298361148604E19,-1.4905935980479074E-10,104.8972612666667,417158.19301192847,3
79960,5.678502001503007E10,-3.667610038957512E10,1.6932056615576026E8,25060.473210754823,36452.110100803606,96.28379350216625,1.2539857805268822E21,1.6698327113706036E-9,117.53252659298792,1270253.7906530267,3
79970,-8.032248852753522E10,4.893657970186372E10,5.510444495799205E8,-19829.852752098832,-32111.43480095397,-375.42555493816633,9.736756365347489E20,5.078820453381773E-10,120.4285111962955,1150407.9075670885,2
80003,-1.9036877599019196E10,5.7222855066034004E10,8.647604168494554E8,-44890.8426901332,-16109.739065699521,-254.40888935562182,7.7298986989336E19,5.218198153082748E-11,104.82943833763639,560446.2635327996,0
80004,2.9296882421309494E10,-5.6471076172000244E10,1.1354076206460404E9,40982.43719630784,20188.143611478936,-604.5612462113357,1.913149927986066E21,1.29150404288798E-9,104.82943833763639,1633273.9896081616,0
80085,5.656162893700795E10,7.006123704832707E10,1.0073370476358329E9,-29626.266020554223,24221.73218063035,887.1663821117492,4.903826649328851E21,1.2556459382281097E-9,127.2004630616544,1960192.7998539777,4
80104,-1.0170883525293092E11,-2.2190753128004177E10,4.754213644771177E8,7507.93058928943,-34694.264035302855,-133.2218493607907,1.0005203116866368E20,4.0481235401596E-10,114.98366086362864,577950.8336341025,1
80131,-4.2689317219764755E10,5.265631928186602E10,-1.0757893449490567E8,-34206.277593646715,-27804.972434432602,846.0605436503201,1.040983483024669E22,-3.577876452740088E-9,137.32477990790596,2401168.20661847,1
80132,5.555401378508149E10,1.787335909071091E10,-6.693761763747557E8,-14381.71149732692,45567.24429542719,559.6256123524445,9.349791017773687E20,-1.1393629079480522E-11,124.74169455845995,1214042.48510069,0
80133,5.412689896359118E10,-4.771391180680833E8,-5.409718687772611E8,939.4540666719156,50341.06866624985,-47.67670294919643,5.259257447497699E20,-6.408916357207793E-12,124.74169455845995,1002169.9907174293,0
80146,-8.774548515411777E10,-1.1357938813727251E10,6.611676915847692E7,5180.095579782829,-38625.4730869492,-225.25047589813374,1.245527134941029E21,-2.3783521827698184E-9,136.22503565787122,1254134.1801805038,2
80193,3.584853898437564E10,-5.8637502414983864E10,-2.3729619094198668E8,37680.29711710522,22797.569915117445,37.70256483164371,1.2769694521163933E23,-4.931771521487738E-9,425.5725319202148,3844665.4035151834,3
80199,-9.514393697059985E10,4.550481301189358E10,-1.9825292122661525E8,-15396.946615200082,-32353.166605929364,-423.20912067100926,5.2996876278136766E20,-2.2463213090833624E-10,117.72215121834772,1024317.2608822709,0
80213,3.90867858108178E10,-2.376090496667784E10,-1.2159043142167743E8,27499.12388041859,46432.685634163005,239.33549725088758,2.5562864304499556E20,2.218205928335061E-11,106.84844293582186,809670.0486138323,1
80217,4.338493535651616E9,4.6596265215790344E10,-3.6288395211575204E8,-52961.14705011641,5085.787009401651,-58.44101417459131,1.1247660293979804E20,9.760106084674266E-12,110.47227465826705,583100.7413907077,3
80219,5.878575974816096E10,-7.093365209388554E10,-6.965093874313748E8,29903.57272525321,24159.9849703776,-96.98101283983645,2.1479271070924105E20,-1.2955155854096988E-10,122.52206477851595,748006.791155023,0
80220,9.713856503226265E10,-2.8156534479248444E10,5.249517955484706E8,9879.647904798236,34425.74924968347,221.2435586083159,2.684908883865513E21,-1.6193944817621232E-9,124.97250607408625,1624850.8277010932,1
80233,-3.478569006054343E10,-8.487109347985371E10,1.6993042518951685E9,35126.57042758098,-15346.85071222435,-293.15844912339264,1.004647012719621E20,1.5550384327361478E-10,118.1702201299671,537476.4328775844,1
80238,-1.0024146568642902E11,-1.5595282105498978E10,3.80143645038153E8,5007.108460911915,-36114.79242011157,151.38375768560599,3.5168937911646096E21,9.433041767017678E-11,130.94577775470617,1782880.5775914942,10
80323,-2.383296999407931E10,-8.691607462224254E10,-2.3342888306657944E9,36411.50783158548,-11093.588091138528,-295.5786440610452,2.901586868419075E20,-1.4085493949301166E-10,111.75956682735179,599106.3853697916,6
80347,-6.208420572893078E10,2.3720353944613407E10,-1.1809967039518323E9,-16062.98680483335,-41613.75783149814,111.99292248928536,9.015604505474803E20,6.390524352662999E-10,115.34544363261392,1125958.5714048683,1
80357,-3.921777465350273E10,-3.246574924065663E10,-4.3131476170369364E7,32741.000995146165,-39130.93785368071,4.684233149907793,1.2066700655132948E23,-1.1428911929332108E-8,198.52279650098902,4306027.998141301,5
80359,-2.746705864766541E9,5.1506268425476265E10,6.728055485938512E8,-50620.199551046986,-3946.903327393913,336.2562745319901,2.8595244505026937E20,3.5333989272937566E-10,104.54233401713255,793459.5946743633,1
80361,-2.4494526846646812E10,9.105543609292003E10,5.673598898502078E8,-36806.10550035039,-9601.788171469128,127.69259524385564,1.3413977638195325E21,-5.732517517720908E-10,119.67209444121899,1388327.8175987923,0
80369,-8.604279991035493E10,3.813488265485533E10,-1.4992816055891447E9,-15851.658513576445,-33967.949066797875,420.2470928295836,3.5536794332895703E19,1.5806855139882557E-10,122.41903497973463,385818.9907816657,4
80378,-2.469242848009148E10,-9.338412437828053E10,1.325790817284171E9,35824.49823729563,-9453.240979245804,541.2933723268536,4.678657080742866E20,-3.873310237110416E-10,123.6603148946818,893720.4030820426,4
80383,5.432303986888507E10,-1.4674000261676504E10,-6.248826610964843E8,12485.37155895967,46831.74390230345,335.7423757502891,1.0855716096896464E20,-9.347869162921645E-11,114.50549266329281,569479.2471764417,1
80391,5.113669012468605E10,2.9530227706345974E10,-3.485167169284206E7,-23946.859334279838,40975.260565154436,-26.11786227567334,1.1103158075969534E23,8.82175225136526E-9,268.0663775152412,4213990.578740849,7
80396,4.032171798927906E10,-5.317491373075159E10,1.1955662736987262E9,36409.93624788873,26584.539751615655,-196.1542576251099,9.273298529395041E21,1.5391044480566284E-9,142.20620840352763,2335546.6442306163,4
80398,1.8420869616164116E10,1.0309932888767303E11,3.812080019472995E8,-34803.503233472504,4807.3432582162595,-212.32286616010282,2.675877992162434E21,-6.612704501203992E-10,118.57739253104155,1603291.2133130117,1
80410,-4.788436471067305E10,5.667043022873014E8,6.92774370166107E7,-919.8832597380368,-52606.81749535219,6.932292089242484,3.1140174395006767E22,-1.1684992784707088E-9,154.57704763956423,3385262.4828242436,4
80415,-1.0465548074395914E11,-1.5069787137995815E10,-4.568672222209147E8,4285.629826928846,-35302.35809505324,-234.71237835091705,1.9081300409202036E21,-6.928214093272186E-10,117.33771637649596,1463043.0873874784,4
80425,-5.824658359764016E10,-1.5421998290059303E10,-1.0331369096766659E9,11520.236782282183,-45115.820727160906,25.857456825893177,9.756469613643288E19,-4.91529797545229E-10,104.04031204857621,564775.7007736831,3
80430,-1.870416204178463E10,-4.0973308372489456E10,4394440.192695909,49540.966385051266,-22642.162328122646,59.30676466927098,5.171427931297614E22,3.678036572433717E-9,165.85794824168647,3497502.6960877758,34
80438,-3.9543602828771416E10,-8.173452896554518E10,7.134094950727167E8,34120.21101980511,-16928.209176925182,363.4979876504703,1.345862207399959E22,-3.515454131733524E-9,148.50048158826738,2582046.4543168503,3
80448,-4.92692115380852E9,-6.635925268225291E10,3.2325643532779697E7,44724.912598651266,-3350.4877586946786,108.86317729934359,1.5159823359790534E23,-2.569691653714116E-8,214.01712267501503,5110072.952364868,11
80451,-3.318124390369684E10,4.07158820369281E10,-3.1570431875721302E7,-38606.19889668402,-32290.637348073793,69.04145141221858,9.890486862061953E22,-2.8551180495046575E-9,180.08112029885763,3964817.7885063435,9
80457,-5.371551082380273E10,9.400742414466372E9,-1.1955731031377854E7,-8359.98105286717,-48393.38720740858,-67.25167652197848,7.650928728208233E22,-2.1154132415093036E-8,195.14527470292612,4188769.582263383,4
80467,-7.351795165755803E10,-8.067738290012862E9,2.8006661354599935E8,4518.0025066639255,-42077.77722312234,-289.07316519477024,2.386811106207219E23,-1.6540031011669364E-9,342.4492678311808,5090608.916373689,7
80470,6.040555699669066E9,8.168167751751566E10,-5.671525900737334E8,-40192.92559809801,2774.629580823713,310.03276425240824,5.307556536591518E20,-1.196498576115231E-9,112.18190072284838,1041424.3835373269,0
80472,7.39286343625015E10,-3.3309208885559654E10,-9.99017078053834E8,15876.467296523555,36869.2732585326,-482.6097440572613,1.6828837798948713E20,-3.7937759730482936E-10,114.42553873730537,645210.3541421272,1
80480,6.994554142065852E10,5.263542856792355E10,7.612532732224645E7,-23445.432368750193,31248.9249241808,53.97724501865309,2.6102829113191154E23,-1.710787751604712E-8,358.69583415282995,5160773.259810679,5
80485,6.700987411587394E9,1.0376206475494936E11,-6.221753253091407E8,-35688.855838273776,2814.303396949912,-654.1065625935,1.4884803862264692E21,1.0301800141861685E-10,118.47418945812143,1363736.9618926516,4
80494,-1.9497717212970028E10,-1.0462059016262686E11,-1.2757157275368911E8,34651.57831738735,-7115.4204397352005,424.4802081629155,3.464366904439471E21,-1.4725197827025124E-9,126.68869120518742,1765254.378574762,4
80496,8.898615332468665E10,4.84008440191269E10,-1.9513096730815282E8,-16516.21810431096,32317.70662574522,-463.0204638118432,1.651623723109885E20,3.551487249468607E-10,105.17803066584992,659456.724398154,1
80601,-5.880331276365206E10,-6.8537945657865E10,1.2152192636108153E7,28410.869845169997,-25181.761937639338,-493.5580083970878,7.834075776298205E17,-1.0769131658364555E-12,108.78086474619602,119797.81139743995,0
80618,-2.4040763072278854E10,-8.389351443900308E10,-1.704789677360037E8,37032.86708226438,-11760.93259037086,-540.0059326102722,2.8590771736189134E20,-3.930237514076719E-10,129.45170251324933,573569.4639654335,8
80623,-6.397746048676359E10,5.9209419354280106E10,-8.796061094908583E8,-27336.82909019178,-28549.41995983348,59.95646721784088,1.2495991709005296E20,-1.7177645935370068E-10,131.38434052321796,573112.4708198649,4
80647,3.8518874138112E10,-6.777149928397363E10,-1.385215282345448E8,35679.12247987617,19838.580252319436,-796.5347829368862,8.383036635722826E19,-2.995885385831131E-10,104.31421815918485,576752.8498843525,0
80652,7.720225489066971E10,-8.129623200085872E9,-1.3530535453271437E9,3337.416259879874,40983.55305396984,-266.3324731010954,6.103626980883199E19,-2.1812819944828829E-10,110.76096219878715,477720.9160070338,4
80657,-1.173083073266162E10,8.019106211012897E10,-2.0223332220165962E8,-39512.21564866973,-6353.022320548525,-389.635548623374,2.3256176848168475E22,7.78078244205515E-9,149.8300092528484,3121449.087835605,4
80660,2.4482806055095215E10,-3.539460809373063E10,-2.328673132451785E8,46850.70693453089,31053.697932846815,-43.242844126156065,8.213646108885514E20,1.1380956372308787E-9,105.23337860940768,1131853.0721693074,2
80672,-1.0288120205929599E11,-1.1201252013734642E10,3.748016274515634E8,4075.3221154011,-36332.31177993815,-207.05304327938558,1.6300563262677752E21,-3.3384859718766682E-9,122.8005584984187,1343357.7912375836,1
80677,-1.2183892627566912E10,-1.0660482135389285E11,2.6201203672560856E8,34709.572831656114,-3775.7451188309797,0.13906359823534764,7.735544132556747E22,3.1733055165809502E-9,318.90891714334396,3605099.8016589433,4
80681,5.566370704286911E10,-3.187074297561135E10,-1.7278699993394145E8,23383.09556436808,39326.80272308389,-600.9128819290654,2.888895827799713E22,2.857162821307054E-9,152.65321653759807,3300262.2126848334,3
80682,-5.395888319519332E10,-1.929063288935274E10,2.857252868295598E8,16004.99591207546,-44965.133723283194,-457.4904750777553,3.2238394084968536E20,-5.019875948299837E-11,120.225233981453,861846.0983039795,0
80684,-4.952701330497885E10,2.976573786708696E10,-9.176643659763068E7,-24246.012644528957,-40762.15303987797,-585.486496929514,1.6119197042484267E21,-2.5099379741499183E-10,122.62973866108204,1428708.0846425176,1
80692,4.11698996746372E10,-4.003656090205416E10,-3.4799139172805205E7,33279.53221557166,34771.515348635075,-34.36338478938652,1.0174434021133163E23,-2.0252490973895805E-9,285.9593573563667,3925186.472112036,5
80696,-9.089034274308208E10,-1.7306063632907295E10,-1.9593235190126973E8,6931.640814437284,-37164.855004581244,99.08377937312484,3.8951228130476486E23,-1.7018391569901197E-8,845.8145064505545,4487401.425463714,8
80702,6.272382935603302E10,-6.2777697283396065E10,-1.4830335488972416E9,27462.955865350348,27314.52008491787,308.3678260070762,1.581040619339369E21,-2.163135031082872E-10,131.82585114759246,1419987.7946209242,0
80720,6.482130115807256E10,-4.425085423952509E9,1.904583766088937E8,4352.312088828685,44526.27807062578,-337.2820095794625,3.208605824794921E20,4.8619759624444285E-11,106.89549970243468,832334.6378680005,3
80722,-5.3303856885829124E10,-7.716152080747195E10,-1.8389476861585062E7,30880.1125004532,-21652.048899573278,-85.50337898401885,3.0208833223857814E23,1.649771185703751E-8,551.8363646328547,4702601.940601219,8
80729,2.2862428531951294E10,9.814533416007245E10,1.9895851190985006E8,-35064.368834533125,8298.032675828706,-21.722613843899563,6.51304268013631E21,-3.005690809630435E-9,126.4597625674567,2138702.2526767855,3
80731,-7.486613798820169E9,9.640911400273466E10,1.08478578643593E9,-37163.275367765964,-2388.491994468308,74.8896567764778,2.1186405122413935E21,2.7296870330514247E-9,121.02740806870439,1473156.1685428205,1
80734,6.090324759512304E10,1.630486182177931E10,2.0411419559810963E8,-12054.880392632938,44197.18248749524,66.89010411931795,1.2311313757446823E23,-7.2161167344802544E-9,227.31479631437742,4681893.334854712,3
80744,-3.923907675518397E10,4.943294573900017E10,1.4794855435146117E8,-36115.34628083674,-28721.096181427474,21.333841221861842,1.5233288520537536E23,1.4804882756169774E-8,246.1120212329958,4898841.85489,3
80748,-8.653857893551353E9,8.47661303401869E10,6.397211814398155E7,-39087.20977174177,-4089.73339074785,-22.51673414405339,2.3704051431228136E23,-2.1458649750295314E-8,356.32962832634587,5017992.6573896725,3
80753,-4.589304613379222E10,-5.4435074559771164E10,9772922.828231499,33480.16793084157,-27511.08999126359,92.1576151313429,1.5501683515335056E23,-8.899473169689198E-9,257.1180428001023,4883426.561619388,4
80756,1.071261343722343E11,-3.5523552713073335E9,5.721032394974979E8,2200.0336391205337,34947.216829886755,-87.92333529773296,1.1303417038170088E22,4.903863479253721E-9,146.70935505531438,2427988.045258771,2
80766,-2.1599937117818905E10,9.670479328922383E10,4.589513635859096E8,-35726.96338096751,-8140.090400088608,-112.30141669230242,1.4357714040678066E23,-1.9345204366804026E-8,301.05374236121526,4432730.877708626,1
80771,4.820047314218216E10,5.643887616046432E9,-2.1973166021732558E7,-6520.572984894533,51908.61084770072,-17.253788275945357,7.986933416647634E22,8.495318621825691E-9,180.3300611603099,4423037.57217137,4
80776,-7.579713934740071E10,1.770169068808127E10,-1.0574408111676876E8,-10075.3504250637,-40303.497923827075,28.586682832173576,2.173676420800975E23,1.26446962295861E-8,410.07038174990976,4678299.852412316,4
80779,-5.139460291284854E10,-3.36145837300094E10,1.506351647112322E8,25390.686704020154,-38759.11769278023,17.539523951146947,9.036552277283379E22,5.216442402367684E-9,281.6976390108354,3906031.5699653407,2
80784,6.5904019632865166E10,-3.281199153891021E10,3338391.549344561,18822.98560789057,38394.25538055661,-173.737640134186,1.7352420456966072E23,-2.707481083428748E-9,233.06518323313054,5239261.9275632445,4
80788,7.366505472336616E9,-8.199836595235506E10,1.6423105912348032E8,40046.08170268885,3381.941004431338,25.951668245325266,3.0472313796795054E23,1.4223262246862758E-8,392.94132867567515,5281197.1518325815,3
80793,6.67563351094958E10,7.253395114590804E10,-3.6761068486070913E8,-26653.16225660315,25191.85290515883,-36.326485827006664,2.8103867781257494E23,3.3865576522612536E-8,762.5640621830577,4144503.17533647,4
