# Benchmark: dt x theta, drift di energia su orizzonte 1/5/10 anni
# Data: 2026-09-11
# Strumento: DtThetaDurationEnergyMatrix (N=10, drag disattivato, hillCaptureFraction=1e-6)
# Nota: con N=10 e' azzerato il contributo delle collisioni

=== Orizzonte: 1,0 anni simulati, Particelle: 10 ===
dt     theta  |       step |   driftMax% driftFinale% |  t_wall(s)
----------------------------------------------------------------------
  [150s, 1,0 anni -> 210.384 step stimati]
150    0,1    |     210384 |      0,0000      0,0000 |       9,19
150    0,6    |     210384 |      0,0000      0,0000 |       8,67
150    1,2    |     210384 |      0,0003      0,0003 |       9,94
  [300s, 1,0 anni -> 105.192 step stimati]
300    0,1    |     105192 |      0,0000      0,0000 |       5,59
300    0,6    |     105192 |      0,0000      0,0000 |       5,34
300    1,2    |     105192 |      0,0003      0,0003 |       5,07
  [600s, 1,0 anni -> 52.596 step stimati]
600    0,1    |      52596 |      0,0000      0,0000 |       2,70
600    0,6    |      52596 |      0,0000      0,0000 |       2,72
600    1,2    |      52596 |      0,0003      0,0003 |       2,50
  [1200s, 1,0 anni -> 26.298 step stimati]
1200   0,1    |      26298 |      0,0000      0,0000 |       1,37
1200   0,6    |      26298 |      0,0001      0,0000 |       1,28
1200   1,2    |      26298 |      0,0003      0,0003 |       1,24
  [1800s, 1,0 anni -> 17.532 step stimati]
1800   0,1    |      17532 |      0,0001      0,0000 |       0,88
1800   0,6    |      17532 |      0,0001      0,0000 |       0,86
1800   1,2    |      17532 |      0,0004      0,0003 |       0,84
  [3600s, 1,0 anni -> 8.766 step stimati]
3600   0,1    |       8766 |      0,0002      0,0001 |       0,45
3600   0,6    |       8766 |      0,0003      0,0001 |       0,43
3600   1,2    |       8766 |      0,0005      0,0004 |       0,42

=== Orizzonte: 5,0 anni simulati, Particelle: 10 ===
dt     theta  |       step |   driftMax% driftFinale% |  t_wall(s)
----------------------------------------------------------------------
  [150s, 5,0 anni -> 1.051.920 step stimati]
150    0,1    |    1051920 |      0,0000      0,0000 |      66,23
150    0,6    |    1051920 |      0,0001      0,0000 |      60,50
150    1,2    |    1051920 |      0,0037      0,0036 |      58,50
  [300s, 5,0 anni -> 525.960 step stimati]
300    0,1    |     525960 |      0,0000      0,0000 |      32,81
300    0,6    |     525960 |      0,0001      0,0000 |      30,03
300    1,2    |     525960 |      0,0036      0,0036 |      25,92
  [600s, 5,0 anni -> 262.980 step stimati]
600    0,1    |     262980 |      0,0001      0,0000 |      14,61
600    0,6    |     262980 |      0,0001      0,0000 |      13,79
600    1,2    |     262980 |      0,0036      0,0036 |      12,78
  [1200s, 5,0 anni -> 131.490 step stimati]
1200   0,1    |     131490 |      0,0002      0,0001 |       6,89
1200   0,6    |     131490 |      0,0002      0,0001 |       6,63
1200   1,2    |     131490 |      0,0036      0,0035 |       6,40
  [1800s, 5,0 anni -> 87.660 step stimati]
1800   0,1    |      87660 |      0,0003      0,0001 |       4,49
1800   0,6    |      87660 |      0,0003      0,0001 |       4,31
1800   1,2    |      87660 |      0,0035      0,0035 |       4,35
  [3600s, 5,0 anni -> 43.830 step stimati]
3600   0,1    |      43830 |      0,0007      0,0002 |       2,33
3600   0,6    |      43830 |      0,0007      0,0002 |       2,26
3600   1,2    |      43830 |      0,0038      0,0032 |       2,49