# Benchmark: dt x theta, drift di energia su orizzonte 1/5/10 anni
# Data: 2026-09-11
# Strumento: DtThetaDurationEnergyMatrix (N=100, drag disattivato, hillCaptureFraction=1e-6)
# Nota: 


=== Orizzonte: 1,0 anni simulati, Particelle: 100 ===
dt     theta  |       step |   driftMax% driftFinale% |  t_wall(s)
----------------------------------------------------------------------
  [150s, 1,0 anni -> 210.384 step stimati]
150    0,1    |     210384 |      0,0009      0,0009 |      31,06
150    0,6    |     210384 |      0,0010      0,0009 |      22,39
150    1,2    |     210384 |      0,0010      0,0000 |      20,35
  [300s, 1,0 anni -> 105.192 step stimati]
300    0,1    |     105192 |      0,0009      0,0009 |      15,41
300    0,6    |     105192 |      0,0010      0,0009 |      11,28
300    1,2    |     105192 |      0,0011      0,0000 |      10,35
  [600s, 1,0 anni -> 52.596 step stimati]
600    0,1    |      52596 |      0,0013      0,0012 |       7,73
600    0,6    |      52596 |      0,0010      0,0009 |       5,71
600    1,2    |      52596 |      0,0011      0,0000 |       5,20
  [1200s, 1,0 anni -> 26.298 step stimati]
1200   0,1    |      26298 |      0,0087      0,0078 |       4,00
1200   0,6    |      26298 |      0,0016      0,0014 |       2,90
1200   1,2    |      26298 |      0,0009      0,0004 |       2,69
  [1800s, 1,0 anni -> 17.532 step stimati]
1800   0,1    |      17532 |      0,0012      0,0001 |       2,68
1800   0,6    |      17532 |      0,0013      0,0014 |       1,99
1800   1,2    |      17532 |      0,0014      0,0008 |       1,80
  [3600s, 1,0 anni -> 8.766 step stimati]
3600   0,1    |       8766 |      0,0127      0,0123 |       1,32
3600   0,6    |       8766 |      0,0095      0,0091 |       0,98
3600   1,2    |       8766 |      0,0080      0,0080 |       0,90

=== Orizzonte: 5,0 anni simulati, Particelle: 100 ===
dt     theta  |       step |   driftMax% driftFinale% |  t_wall(s)
----------------------------------------------------------------------
  [150s, 5,0 anni -> 1.051.920 step stimati]
150    0,1    |    1051920 |      0,0037      0,0057 |     146,69
150    0,6    |    1051920 |      0,0024      0,0023 |     119,65
150    1,2    |    1051920 |      0,0040      0,0020 |      98,35
  [300s, 5,0 anni -> 525.960 step stimati]
300    0,1    |     525960 |      0,0026      0,0025 |      73,39
300    0,6    |     525960 |      0,0023      0,0018 |      55,79
300    1,2    |     525960 |      0,0062      0,0008 |      49,71
  [600s, 5,0 anni -> 262.980 step stimati]
600    0,1    |     262980 |      0,0032      0,0032 |      38,05
600    0,6    |     262980 |      0,0036      0,0029 |      28,33
600    1,2    |     262980 |      0,0051      0,0052 |      25,63
  [1200s, 5,0 anni -> 131.490 step stimati]
1200   0,1    |     131490 |      0,0402      0,0393 |      19,21
1200   0,6    |     131490 |      0,0135      0,0102 |      14,17
1200   1,2    |     131490 |      0,0371      0,0066 |      13,29
  [1800s, 5,0 anni -> 87.660 step stimati]
1800   0,1    |      87660 |      0,0171      0,0117 |      12,90
1800   0,6    |      87660 |      0,0022      0,0006 |       9,76
1800   1,2    |      87660 |      0,0512      0,0449 |       8,91
  [3600s, 5,0 anni -> 43.830 step stimati]
3600   0,1    |      43830 |      0,0178      0,0170 |       6,62
3600   0,6    |      43830 |      0,0151      0,0136 |       4,90
3600   1,2    |      43830 |      0,0181      0,0115 |       4,44

=== Orizzonte: 10,0 anni simulati, Particelle: 100 ===
dt     theta  |       step |   driftMax% driftFinale% |  t_wall(s)
----------------------------------------------------------------------
  [150s, 10,0 anni -> 2.103.840 step stimati]
150    0,1    |    2103840 |      0,0061      0,0039 |     275,78
150    0,6    |    2103840 |      0,0027      0,0029 |     206,26
150    1,2    |    2103840 |      0,0061      0,0043 |     186,26
  [300s, 10,0 anni -> 1.051.920 step stimati]
300    0,1    |    1051920 |      0,0038      0,0023 |     139,20
300    0,6    |    1051920 |      0,0024      0,0014 |     105,06
300    1,2    |    1051920 |      0,0085      0,0074 |      95,11
  [600s, 10,0 anni -> 525.960 step stimati]
600    0,1    |     525960 |      0,0147      0,0142 |      70,79
600    0,6    |     525960 |      0,0039      0,0031 |      53,80
600    1,2    |     525960 |      0,0060      0,0031 |      48,92
  [1200s, 10,0 anni -> 262.980 step stimati]
1200   0,1    |     262980 |      0,0638      0,0338 |      36,35
1200   0,6    |     262980 |      0,0147      0,0281 |      27,23
1200   1,2    |     262980 |      0,0356      0,0174 |      26,14
  [1800s, 10,0 anni -> 175.320 step stimati]
1800   0,1    |     175320 |      0,0187      0,0093 |      25,02
1800   0,6    |     175320 |      0,0081      0,0034 |      18,84
1800   1,2    |     175320 |      0,0851      0,0413 |      17,02
  [3600s, 10,0 anni -> 87.660 step stimati]
3600   0,1    |      87660 |      0,0332      0,0326 |      13,19
3600   0,6    |      87660 |      0,0151      0,0117 |       9,64
3600   1,2    |      87660 |      0,0989      0,1002 |       8,67
