# Benchmark: dt x theta, drift di energia su orizzonte 1/5/10 anni
# Data: 2026-09-11
# Strumento: DtThetaDurationEnergyMatrix (N=10, drag disattivato, hillCaptureFraction=1e-6)
# Nota:

=== Orizzonte: 1,0 anni simulati, Particelle: 10 ===
dt     theta  |       step |   driftMax% driftFinale% |  t_wall(s)
----------------------------------------------------------------------
  [150s, 1,0 anni -> 210.384 step stimati]
150    0,1    |     210384 |      0,0000      0,0000 |       6,12
150    0,6    |     210384 |      0,0000      0,0000 |       5,59
150    1,2    |     210384 |      0,0003      0,0003 |       5,08
  [300s, 1,0 anni -> 105.192 step stimati]
300    0,1    |     105192 |      0,0000      0,0000 |       2,90
300    0,6    |     105192 |      0,0000      0,0000 |       2,75
300    1,2    |     105192 |      0,0003      0,0003 |       2,55
  [600s, 1,0 anni -> 52.596 step stimati]
600    0,1    |      52596 |      0,0000      0,0000 |       1,42
600    0,6    |      52596 |      0,0000      0,0000 |       1,36
600    1,2    |      52596 |      0,0003      0,0003 |       1,29
  [1200s, 1,0 anni -> 26.298 step stimati]
1200   0,1    |      26298 |      0,0000      0,0000 |       0,70
1200   0,6    |      26298 |      0,0001      0,0000 |       0,68
1200   1,2    |      26298 |      0,0003      0,0003 |       0,63
  [1800s, 1,0 anni -> 17.532 step stimati]
1800   0,1    |      17532 |      0,0001      0,0000 |       0,47
1800   0,6    |      17532 |      0,0001      0,0000 |       0,46
1800   1,2    |      17532 |      0,0004      0,0003 |       0,44
  [3600s, 1,0 anni -> 8.766 step stimati]
3600   0,1    |       8766 |      0,0002      0,0001 |       0,25
3600   0,6    |       8766 |      0,0003      0,0001 |       0,23
3600   1,2    |       8766 |      0,0005      0,0004 |       0,22

=== Orizzonte: 5,0 anni simulati, Particelle: 10 ===
dt     theta  |       step |   driftMax% driftFinale% |  t_wall(s)
----------------------------------------------------------------------
  [150s, 5,0 anni -> 1.051.920 step stimati]
150    0,1    |    1051920 |      0,0000      0,0000 |      28,97
150    0,6    |    1051920 |      0,0001      0,0000 |      27,26
150    1,2    |    1051920 |      0,0037      0,0036 |      26,26
  [300s, 5,0 anni -> 525.960 step stimati]
300    0,1    |     525960 |      0,0000      0,0000 |      14,11
300    0,6    |     525960 |      0,0001      0,0000 |      13,45
300    1,2    |     525960 |      0,0036      0,0036 |      12,70
  [600s, 5,0 anni -> 262.980 step stimati]
600    0,1    |     262980 |      0,0001      0,0000 |       7,07
600    0,6    |     262980 |      0,0001      0,0000 |       6,75
600    1,2    |     262980 |      0,0036      0,0036 |       6,43
  [1200s, 5,0 anni -> 131.490 step stimati]
1200   0,1    |     131490 |      0,0002      0,0001 |       3,57
1200   0,6    |     131490 |      0,0002      0,0001 |       3,39
1200   1,2    |     131490 |      0,0036      0,0035 |       3,22
  [1800s, 5,0 anni -> 87.660 step stimati]
1800   0,1    |      87660 |      0,0003      0,0001 |       2,38
1800   0,6    |      87660 |      0,0003      0,0001 |       2,26
1800   1,2    |      87660 |      0,0035      0,0035 |       2,15
  [3600s, 5,0 anni -> 43.830 step stimati]
3600   0,1    |      43830 |      0,0008      0,0002 |       1,20
3600   0,6    |      43830 |      0,0007      0,0002 |       1,14
3600   1,2    |      43830 |      0,0039      0,0031 |       1,09

=== Orizzonte: 10,0 anni simulati, Particelle: 10 ===
dt     theta  |       step |   driftMax% driftFinale% |  t_wall(s)
----------------------------------------------------------------------
  [150s, 10,0 anni -> 2.103.840 step stimati]
150    0,1    |    2103840 |      0,0000      0,0000 |      57,75
150    0,6    |    2103840 |      0,0002      0,0002 |      54,81
150    1,2    |    2103840 |      0,0036      0,0025 |      50,69
  [300s, 10,0 anni -> 1.051.920 step stimati]
300    0,1    |    1051920 |      0,0001      0,0001 |      28,82
300    0,6    |    1051920 |      0,0002      0,0001 |      27,69
300    1,2    |    1051920 |      0,0036      0,0024 |      25,44
  [600s, 10,0 anni -> 525.960 step stimati]
600    0,1    |     525960 |      0,0001      0,0001 |      14,41
600    0,6    |     525960 |      0,0048      0,0046 |      12,96
600    1,2    |     525960 |      0,0037      0,0025 |      12,93
  [1200s, 10,0 anni -> 262.980 step stimati]
1200   0,1    |     262980 |      0,0003      0,0002 |       7,36
1200   0,6    |     262980 |      0,0006      0,0001 |       6,94
1200   1,2    |     262980 |      0,0038      0,0025 |       6,55
  [1800s, 10,0 anni -> 175.320 step stimati]
1800   0,1    |     175320 |      0,0004      0,0003 |       4,92
1800   0,6    |     175320 |      0,0004      0,0001 |       4,62
1800   1,2    |     175320 |      0,0038      0,0026 |       4,35
  [3600s, 10,0 anni -> 87.660 step stimati]
3600   0,1    |      87660 |      0,0178      0,0173 |       2,42
3600   0,6    |      87660 |      0,0521      0,0516 |       2,40
3600   1,2    |      87660 |      0,0040      0,0021 |       2,19
