# Benchmark: dt x theta, drift di energia su orizzonte 1/5/10 anni
# Data: 2026-09-11
# Strumento: DtThetaDurationEnergyMatrix (N=100, drag disattivato, hillCaptureFraction=1e-6)
# Nota: popolazione non del tutto priva di collisioni reali nonostante hillCaptureFraction
#       ridotto -- il drift osservato include un po' di rumore da traiettorie divergenti
#       in modo caotico, non solo errore numerico puro.

=== Orizzonte: 1,0 anni simulati ===
dt     theta  |       step |   driftMax%   driftFin% |  t_wall(s)
----------------------------------------------------------------------
  [150s, 1,0 anni -> 210.384 step stimati]
150    0,1    |     210384 |      0,0009      0,0009 |      54,10
150    0,6    |     210384 |      0,0010      0,0009 |      46,02
150    1,2    |     210384 |      0,0010      0,0000 |      42,30
  [300s, 1,0 anni -> 105.192 step stimati]
300    0,1    |     105192 |      0,0009      0,0009 |      29,66
300    0,6    |     105192 |      0,0010      0,0009 |      24,45
300    1,2    |     105192 |      0,0011      0,0000 |      21,68
  [600s, 1,0 anni -> 52.596 step stimati]
600    0,1    |      52596 |      0,0013      0,0012 |      14,76
600    0,6    |      52596 |      0,0010      0,0009 |      11,94
600    1,2    |      52596 |      0,0011      0,0000 |      11,50
  [1200s, 1,0 anni -> 26.298 step stimati]
1200   0,1    |      26298 |      0,0055      0,0055 |       7,77
1200   0,6    |      26298 |      0,0011      0,0009 |       6,13
1200   1,2    |      26298 |      0,0011      0,0000 |       5,43
  [1800s, 1,0 anni -> 17.532 step stimati]
1800   0,1    |      17532 |      0,0035      0,0033 |       4,88
1800   0,6    |      17532 |      0,0212      0,0212 |       3,93
1800   1,2    |      17532 |      0,0028      0,0028 |       3,68
  [3600s, 1,0 anni -> 8.766 step stimati]
3600   0,1    |       8766 |      0,0157      0,0155 |       2,72
3600   0,6    |       8766 |      0,0036      0,0033 |       2,16
3600   1,2    |       8766 |      0,0026      0,0026 |       1,95

=== Orizzonte: 5,0 anni simulati ===
dt     theta  |       step |   driftMax%   driftFin% |  t_wall(s)
----------------------------------------------------------------------
  [150s, 5,0 anni -> 1.051.920 step stimati]
150    0,1    |    1051920 |      0,0037      0,0057 |     295,37
150    0,6    |    1051920 |      0,0024      0,0023 |     240,27
150    1,2    |    1051920 |      0,0040      0,0020 |     223,55
  [300s, 5,0 anni -> 525.960 step stimati]
300    0,1    |     525960 |      0,0026      0,0025 |     150,92
300    0,6    |     525960 |      0,0023      0,0018 |     127,33
300    1,2    |     525960 |      0,0062      0,0008 |     111,50
  [600s, 5,0 anni -> 262.980 step stimati]
600    0,1    |     262980 |      0,0032      0,0032 |      78,11
600    0,6    |     262980 |      0,0036      0,0029 |      61,13
600    1,2    |     262980 |      0,0051      0,0052 |      58,42
  [1200s, 5,0 anni -> 131.490 step stimati]
1200   0,1    |     131490 |      0,0090      0,0089 |      41,23
1200   0,6    |     131490 |      0,0212      0,0212 |      31,00
1200   1,2    |     131490 |      0,0375      0,0362 |      30,65
  [1800s, 5,0 anni -> 87.660 step stimati]
1800   0,1    |      87660 |      0,0136      0,0135 |      29,34
1800   0,6    |      87660 |      0,0251      0,0245 |      24,80
1800   1,2    |      87660 |      0,0424      0,0419 |      21,68
  [3600s, 5,0 anni -> 43.830 step stimati]
3600   0,1    |      43830 |      0,0287      0,0285 |      13,88
3600   0,6    |      43830 |      0,0678      0,0676 |      11,85
3600   1,2    |      43830 |      0,0790      0,0743 |      10,72

=== Orizzonte: 10,0 anni simulati ===
dt     theta  |       step |   driftMax%   driftFin% |  t_wall(s)
----------------------------------------------------------------------
  [150s, 10,0 anni -> 2.103.840 step stimati]
150    0,1    |    2103840 |      0,0061      0,0039 |     565,97
150    0,6    |    2103840 |      0,0027      0,0029 |     442,90
150    1,2    |    2103840 |      0,0061      0,0043 |     405,44
  [300s, 10,0 anni -> 1.051.920 step stimati]
300    0,1    |    1051920 |      0,0038      0,0023 |     268,81
300    0,6    |    1051920 |      0,0024      0,0014 |     221,86
300    1,2    |    1051920 |      0,0085      0,0074 |     201,03
  [600s, 10,0 anni -> 525.960 step stimati]
600    0,1    |     525960 |      0,0147      0,0142 |     150,29
600    0,6    |     525960 |      0,0039      0,0031 |     123,30
600    1,2    |     525960 |      0,0060      0,0031 |     112,89
  [1200s, 10,0 anni -> 262.980 step stimati]
1200   0,1    |     262980 |      0,0297      0,0299 |      80,29
1200   0,6    |     262980 |      0,0392      0,0386 |      60,99
1200   1,2    |     262980 |      0,0388      0,0336 |      59,47
  [1800s, 10,0 anni -> 175.320 step stimati]
1800   0,1    |     175320 |      0,0197      0,0195 |      53,86
1800   0,6    |     175320 |      0,0274      0,0265 |      43,74
1800   1,2    |     175320 |      0,0693      0,0653 |      36,32
  [3600s, 10,0 anni -> 87.660 step stimati]
3600   0,1    |      87660 |      0,0666      0,0652 |      25,57
3600   0,6    |      87660 |      0,0381      0,0376 |      19,72
3600   1,2    |      87660 |      0,0435      0,0433 |      17,32
