Raggio di cattura combinato: 1,4647e+08 m
Pavimento minDtFraction fissato a 0,01 per tutto il confronto

### dt nominale = 300 s ###
b/capRad   | err.NAIVE    | err.th=0.25    | err.th=0.50    | err.th=0.75    | err.th=1.00   
------------------------------------------------------------------------------------------
0,300      | 0,0014       | 0,0014         | 0,0014         | 0,0014         | 0,0014        
0,350      | 0,0002       | 0,0002         | 0,0002         | 0,0002         | 0,0002        
0,400      | 0,0002       | 0,0002         | 0,0002         | 0,0002         | 0,0002        
0,450      | 0,0003       | 0,0003         | 0,0003         | 0,0003         | 0,0003        
0,500      | 0,0000       | 0,0000         | 0,0000         | 0,0000         | 0,0000        
0,550      | 0,0000       | 0,0000         | 0,0000         | 0,0000         | 0,0000        
0,600      | 0,0000       | 0,0000         | 0,0000         | 0,0000         | 0,0000        
0,650      | 0,0000       | 0,0000         | 0,0000         | 0,0000         | 0,0000        
0,700      | 0,0000       | 0,0000         | 0,0000         | 0,0000         | 0,0000        
0,750      | 0,0000       | 0,0000         | 0,0000         | 0,0000         | 0,0000        
0,800      | 0,0000       | 0,0000         | 0,0000         | 0,0000         | 0,0000        
0,850      | 0,0000       | 0,0000         | 0,0000         | 0,0000         | 0,0000        
0,900      | 0,0000       | 0,0000         | 0,0000         | 0,0000         | 0,0000        
0,950      | 0,0000       | 0,0000         | 0,0000         | 0,0000         | 0,0000        
1,000      | 0,0000       | 0,0000         | 0,0000         | 0,0000         | 0,0000        
1,050      | 0,0000       | 0,0000         | 0,0000         | 0,0000         | 0,0000        
1,100      | 0,0000       | 0,0000         | 0,0000         | 0,0000         | 0,0000        
1,150      | 0,0000       | 0,0000         | 0,0000         | 0,0000         | 0,0000        
1,200      | 0,0000       | 0,0000         | 0,0000         | 0,0000         | 0,0000        
1,250      | 0,0000       | 0,0000         | 0,0000         | 0,0000         | 0,0000        
1,300      | 0,0000       | 0,0000         | 0,0000         | 0,0000         | 0,0000        
1,350      | 0,0000       | 0,0000         | 0,0000         | 0,0000         | 0,0000        
1,400      | 0,0000       | 0,0000         | 0,0000         | 0,0000         | 0,0000        
1,450      | 0,0000       | 0,0000         | 0,0000         | 0,0000         | 0,0000        
1,500      | 0,0000       | 0,0000         | 0,0000         | 0,0000         | 0,0000        
1,550      | 0,0000       | 0,0000         | 0,0000         | 0,0000         | 0,0000        
1,600      | 0,0000       | 0,0000         | 0,0000         | 0,0000         | 0,0000        
1,650      | 0,0000       | 0,0000         | 0,0000         | 0,0000         | 0,0000        
1,700      | 0,0000       | 0,0000         | 0,0000         | 0,0000         | 0,0000        
1,750      | 0,0000       | 0,0000         | 0,0000         | 0,0000         | 0,0000        
1,800      | 0,0000       | 0,0000         | 0,0000         | 0,0000         | 0,0000        
1,850      | 0,0000       | 0,0000         | 0,0000         | 0,0000         | 0,0000        
1,900      | 0,0000       | 0,0000         | 0,0000         | 0,0000         | 0,0000        
1,950      | 0,0000       | 0,0000         | 0,0000         | 0,0000         | 0,0000        

Peggiore NAIVE:        0,0014 (0,1%) a b/capRad=0,300
Peggiore soglia=0,25:   0,0014 (0,1%) a b/capRad=0,300
Peggiore soglia=0,50:   0,0014 (0,1%) a b/capRad=0,300
Peggiore soglia=0,75:   0,0014 (0,1%) a b/capRad=0,300
Peggiore soglia=1,00:   0,0014 (0,1%) a b/capRad=0,300

### dt nominale = 600 s ###
b/capRad   | err.NAIVE    | err.th=0.25    | err.th=0.50    | err.th=0.75    | err.th=1.00   
------------------------------------------------------------------------------------------
0,300      | 0,0039       | 0,0013         | 0,0039         | 0,0039         | 0,0039        
0,350      | 0,0010       | 0,0018         | 0,0010         | 0,0010         | 0,0010        
0,400      | 0,0028       | 0,0007         | 0,0028         | 0,0028         | 0,0028        
0,450      | 0,0000       | 0,0000         | 0,0000         | 0,0000         | 0,0000        
0,500      | 0,0006       | 0,0006         | 0,0006         | 0,0006         | 0,0006        
0,550      | 0,0004       | 0,0004         | 0,0004         | 0,0004         | 0,0004        
0,600      | 0,0000       | 0,0000         | 0,0000         | 0,0000         | 0,0000        
0,650      | 0,0000       | 0,0000         | 0,0000         | 0,0000         | 0,0000        
0,700      | 0,0000       | 0,0000         | 0,0000         | 0,0000         | 0,0000        
0,750      | 0,0000       | 0,0000         | 0,0000         | 0,0000         | 0,0000        
0,800      | 0,0000       | 0,0000         | 0,0000         | 0,0000         | 0,0000        
0,850      | 0,0000       | 0,0000         | 0,0000         | 0,0000         | 0,0000        
0,900      | 0,0000       | 0,0000         | 0,0000         | 0,0000         | 0,0000        
0,950      | 0,0000       | 0,0000         | 0,0000         | 0,0000         | 0,0000        
1,000      | 0,0000       | 0,0000         | 0,0000         | 0,0000         | 0,0000        
1,050      | 0,0000       | 0,0000         | 0,0000         | 0,0000         | 0,0000        
1,100      | 0,0000       | 0,0000         | 0,0000         | 0,0000         | 0,0000        
1,150      | 0,0000       | 0,0000         | 0,0000         | 0,0000         | 0,0000        
1,200      | 0,0000       | 0,0000         | 0,0000         | 0,0000         | 0,0000        
1,250      | 0,0000       | 0,0000         | 0,0000         | 0,0000         | 0,0000        
1,300      | 0,0000       | 0,0000         | 0,0000         | 0,0000         | 0,0000        
1,350      | 0,0000       | 0,0000         | 0,0000         | 0,0000         | 0,0000        
1,400      | 0,0000       | 0,0000         | 0,0000         | 0,0000         | 0,0000        
1,450      | 0,0000       | 0,0000         | 0,0000         | 0,0000         | 0,0000        
1,500      | 0,0000       | 0,0000         | 0,0000         | 0,0000         | 0,0000        
1,550      | 0,0000       | 0,0000         | 0,0000         | 0,0000         | 0,0000        
1,600      | 0,0000       | 0,0000         | 0,0000         | 0,0000         | 0,0000        
1,650      | 0,0000       | 0,0000         | 0,0000         | 0,0000         | 0,0000        
1,700      | 0,0000       | 0,0000         | 0,0000         | 0,0000         | 0,0000        
1,750      | 0,0000       | 0,0000         | 0,0000         | 0,0000         | 0,0000        
1,800      | 0,0000       | 0,0000         | 0,0000         | 0,0000         | 0,0000        
1,850      | 0,0000       | 0,0000         | 0,0000         | 0,0000         | 0,0000        
1,900      | 0,0000       | 0,0000         | 0,0000         | 0,0000         | 0,0000        
1,950      | 0,0000       | 0,0000         | 0,0000         | 0,0000         | 0,0000        

Peggiore NAIVE:        0,0039 (0,4%) a b/capRad=0,300
Peggiore soglia=0,25:   0,0018 (0,2%) a b/capRad=0,350
Peggiore soglia=0,50:   0,0039 (0,4%) a b/capRad=0,300
Peggiore soglia=0,75:   0,0039 (0,4%) a b/capRad=0,300
Peggiore soglia=1,00:   0,0039 (0,4%) a b/capRad=0,300

### dt nominale = 900 s ###
b/capRad   | err.NAIVE    | err.th=0.25    | err.th=0.50    | err.th=0.75    | err.th=1.00   
------------------------------------------------------------------------------------------
0,300      | 0,0074       | 0,0040         | 0,0066         | 0,0074         | 0,0074        
0,350      | 0,0022       | 0,0003         | 0,0022         | 0,0022         | 0,0022        
0,400      | 0,0041       | 0,0000         | 0,0041         | 0,0041         | 0,0041        
0,450      | 0,0010       | 0,0014         | 0,0010         | 0,0010         | 0,0010        
0,500      | 0,0009       | 0,0000         | 0,0009         | 0,0009         | 0,0009        
0,550      | 0,0000       | 0,0002         | 0,0000         | 0,0000         | 0,0000        
0,600      | 0,0004       | 0,0000         | 0,0004         | 0,0004         | 0,0004        
0,650      | 0,0001       | 0,0003         | 0,0001         | 0,0001         | 0,0001        
0,700      | 0,0001       | 0,0000         | 0,0001         | 0,0001         | 0,0001        
0,750      | 0,0001       | 0,0001         | 0,0001         | 0,0001         | 0,0001        
0,800      | 0,0001       | 0,0001         | 0,0001         | 0,0001         | 0,0001        
0,850      | 0,0001       | 0,0001         | 0,0001         | 0,0001         | 0,0001        
0,900      | 0,0000       | 0,0000         | 0,0000         | 0,0000         | 0,0000        
0,950      | 0,0000       | 0,0000         | 0,0000         | 0,0000         | 0,0000        
1,000      | 0,0000       | 0,0000         | 0,0000         | 0,0000         | 0,0000        
1,050      | 0,0000       | 0,0000         | 0,0000         | 0,0000         | 0,0000        
1,100      | 0,0000       | 0,0000         | 0,0000         | 0,0000         | 0,0000        
1,150      | 0,0000       | 0,0000         | 0,0000         | 0,0000         | 0,0000        
1,200      | 0,0000       | 0,0000         | 0,0000         | 0,0000         | 0,0000        
1,250      | 0,0000       | 0,0000         | 0,0000         | 0,0000         | 0,0000        
1,300      | 0,0000       | 0,0000         | 0,0000         | 0,0000         | 0,0000        
1,350      | 0,0000       | 0,0000         | 0,0000         | 0,0000         | 0,0000        
1,400      | 0,0000       | 0,0000         | 0,0000         | 0,0000         | 0,0000        
1,450      | 0,0000       | 0,0000         | 0,0000         | 0,0000         | 0,0000        
1,500      | 0,0000       | 0,0000         | 0,0000         | 0,0000         | 0,0000        
1,550      | 0,0000       | 0,0000         | 0,0000         | 0,0000         | 0,0000        
1,600      | 0,0000       | 0,0000         | 0,0000         | 0,0000         | 0,0000        
1,650      | 0,0000       | 0,0000         | 0,0000         | 0,0000         | 0,0000        
1,700      | 0,0000       | 0,0000         | 0,0000         | 0,0000         | 0,0000        
1,750      | 0,0000       | 0,0000         | 0,0000         | 0,0000         | 0,0000        
1,800      | 0,0000       | 0,0000         | 0,0000         | 0,0000         | 0,0000        
1,850      | 0,0000       | 0,0000         | 0,0000         | 0,0000         | 0,0000        
1,900      | 0,0000       | 0,0000         | 0,0000         | 0,0000         | 0,0000        
1,950      | 0,0000       | 0,0000         | 0,0000         | 0,0000         | 0,0000        

Peggiore NAIVE:        0,0074 (0,7%) a b/capRad=0,300
Peggiore soglia=0,25:   0,0040 (0,4%) a b/capRad=0,300
Peggiore soglia=0,50:   0,0066 (0,7%) a b/capRad=0,300
Peggiore soglia=0,75:   0,0074 (0,7%) a b/capRad=0,300
Peggiore soglia=1,00:   0,0074 (0,7%) a b/capRad=0,300

### dt nominale = 1200 s ###
b/capRad   | err.NAIVE    | err.th=0.25    | err.th=0.50    | err.th=0.75    | err.th=1.00   
------------------------------------------------------------------------------------------
0,300      | 0,0115       | 0,0012         | 0,0008         | 0,0115         | 0,0115        
0,350      | 0,0039       | 0,0002         | 0,0122         | 0,0039         | 0,0039        
0,400      | 0,0056       | 0,0001         | 0,0075         | 0,0056         | 0,0056        
0,450      | 0,0004       | 0,0001         | 0,0004         | 0,0004         | 0,0004        
0,500      | 0,0000       | 0,0001         | 0,0000         | 0,0000         | 0,0000        
0,550      | 0,0000       | 0,0001         | 0,0000         | 0,0000         | 0,0000        
0,600      | 0,0002       | 0,0002         | 0,0002         | 0,0002         | 0,0002        
0,650      | 0,0005       | 0,0003         | 0,0005         | 0,0005         | 0,0005        
0,700      | 0,0000       | 0,0000         | 0,0000         | 0,0000         | 0,0000        
0,750      | 0,0003       | 0,0000         | 0,0003         | 0,0003         | 0,0003        
0,800      | 0,0000       | 0,0001         | 0,0000         | 0,0000         | 0,0000        
0,850      | 0,0000       | 0,0001         | 0,0000         | 0,0000         | 0,0000        
0,900      | 0,0001       | 0,0000         | 0,0001         | 0,0001         | 0,0001        
0,950      | 0,0000       | 0,0001         | 0,0000         | 0,0000         | 0,0000        
1,000      | 0,0001       | 0,0000         | 0,0001         | 0,0001         | 0,0001        
1,050      | 0,0000       | 0,0001         | 0,0000         | 0,0000         | 0,0000        
1,100      | 0,0000       | 0,0000         | 0,0000         | 0,0000         | 0,0000        
1,150      | 0,0000       | 0,0000         | 0,0000         | 0,0000         | 0,0000        
1,200      | 0,0000       | 0,0000         | 0,0000         | 0,0000         | 0,0000        
1,250      | 0,0000       | 0,0000         | 0,0000         | 0,0000         | 0,0000        
1,300      | 0,0000       | 0,0000         | 0,0000         | 0,0000         | 0,0000        
1,350      | 0,0000       | 0,0000         | 0,0000         | 0,0000         | 0,0000        
1,400      | 0,0000       | 0,0000         | 0,0000         | 0,0000         | 0,0000        
1,450      | 0,0000       | 0,0000         | 0,0000         | 0,0000         | 0,0000        
1,500      | 0,0000       | 0,0000         | 0,0000         | 0,0000         | 0,0000        
1,550      | 0,0000       | 0,0000         | 0,0000         | 0,0000         | 0,0000        
1,600      | 0,0000       | 0,0000         | 0,0000         | 0,0000         | 0,0000        
1,650      | 0,0000       | 0,0000         | 0,0000         | 0,0000         | 0,0000        
1,700      | 0,0000       | 0,0000         | 0,0000         | 0,0000         | 0,0000        
1,750      | 0,0000       | 0,0000         | 0,0000         | 0,0000         | 0,0000        
1,800      | 0,0000       | 0,0000         | 0,0000         | 0,0000         | 0,0000        
1,850      | 0,0000       | 0,0000         | 0,0000         | 0,0000         | 0,0000        
1,900      | 0,0000       | 0,0000         | 0,0000         | 0,0000         | 0,0000        
1,950      | 0,0000       | 0,0000         | 0,0000         | 0,0000         | 0,0000        

Peggiore NAIVE:        0,0115 (1,2%) a b/capRad=0,300
Peggiore soglia=0,25:   0,0012 (0,1%) a b/capRad=0,300
Peggiore soglia=0,50:   0,0122 (1,2%) a b/capRad=0,350
Peggiore soglia=0,75:   0,0115 (1,2%) a b/capRad=0,300
Peggiore soglia=1,00:   0,0115 (1,2%) a b/capRad=0,300

### dt nominale = 1800 s ###
b/capRad   | err.NAIVE    | err.th=0.25    | err.th=0.50    | err.th=0.75    | err.th=1.00   
------------------------------------------------------------------------------------------
0,300      | 0,0206       | 0,0004         | 0,0117         | 0,0379         | 0,0125        
0,350      | 0,0081       | 0,0015         | 0,0034         | 0,0131         | 0,0081        
0,400      | 0,0092       | 0,0000         | 0,0015         | 0,0093         | 0,0092        
0,450      | 0,0133       | 0,0003         | 0,0011         | 0,0000         | 0,0133        
0,500      | 0,0022       | 0,0008         | 0,0012         | 0,0022         | 0,0022        
0,550      | 0,0002       | 0,0000         | 0,0017         | 0,0002         | 0,0002        
0,600      | 0,0000       | 0,0002         | 0,0000         | 0,0000         | 0,0000        
0,650      | 0,0000       | 0,0003         | 0,0005         | 0,0000         | 0,0000        
0,700      | 0,0000       | 0,0000         | 0,0000         | 0,0000         | 0,0000        
0,750      | 0,0000       | 0,0000         | 0,0000         | 0,0000         | 0,0000        
0,800      | 0,0000       | 0,0000         | 0,0000         | 0,0000         | 0,0000        
0,850      | 0,0000       | 0,0000         | 0,0000         | 0,0000         | 0,0000        
0,900      | 0,0000       | 0,0000         | 0,0000         | 0,0000         | 0,0000        
0,950      | 0,0000       | 0,0001         | 0,0000         | 0,0000         | 0,0000        
1,000      | 0,0000       | 0,0000         | 0,0000         | 0,0000         | 0,0000        
1,050      | 0,0000       | 0,0000         | 0,0000         | 0,0000         | 0,0000        
1,100      | 0,0000       | 0,0000         | 0,0000         | 0,0000         | 0,0000        
1,150      | 0,0000       | 0,0000         | 0,0000         | 0,0000         | 0,0000        
1,200      | 0,0000       | 0,0000         | 0,0000         | 0,0000         | 0,0000        
1,250      | 0,0001       | 0,0000         | 0,0001         | 0,0001         | 0,0001        
1,300      | 0,0000       | 0,0000         | 0,0000         | 0,0000         | 0,0000        
1,350      | 0,0000       | 0,0000         | 0,0000         | 0,0000         | 0,0000        
1,400      | 0,0000       | 0,0000         | 0,0000         | 0,0000         | 0,0000        
1,450      | 0,0000       | 0,0000         | 0,0000         | 0,0000         | 0,0000        
1,500      | 0,0000       | 0,0000         | 0,0000         | 0,0000         | 0,0000        
1,550      | 0,0000       | 0,0000         | 0,0000         | 0,0000         | 0,0000        
1,600      | 0,0000       | 0,0000         | 0,0000         | 0,0000         | 0,0000        
1,650      | 0,0000       | 0,0000         | 0,0000         | 0,0000         | 0,0000        
1,700      | 0,0000       | 0,0000         | 0,0000         | 0,0000         | 0,0000        
1,750      | 0,0000       | 0,0000         | 0,0000         | 0,0000         | 0,0000        
1,800      | 0,0000       | 0,0000         | 0,0000         | 0,0000         | 0,0000        
1,850      | 0,0000       | 0,0000         | 0,0000         | 0,0000         | 0,0000        
1,900      | 0,0000       | 0,0000         | 0,0000         | 0,0000         | 0,0000        
1,950      | 0,0000       | 0,0000         | 0,0000         | 0,0000         | 0,0000        

Peggiore NAIVE:        0,0206 (2,1%) a b/capRad=0,300
Peggiore soglia=0,25:   0,0015 (0,1%) a b/capRad=0,350
Peggiore soglia=0,50:   0,0117 (1,2%) a b/capRad=0,300
Peggiore soglia=0,75:   0,0379 (3,8%) a b/capRad=0,300
Peggiore soglia=1,00:   0,0133 (1,3%) a b/capRad=0,450

### dt nominale = 3600 s ###
b/capRad   | err.NAIVE    | err.th=0.25    | err.th=0.50    | err.th=0.75    | err.th=1.00   
------------------------------------------------------------------------------------------
0,300      | 0,0589       | 0,0009         | 0,0084         | 0,0251         | 0,0384        
0,350      | 0,0230       | 0,0018         | 0,0103         | 0,0161         | 0,0196        
0,400      | 0,0226       | 0,0000         | 0,0001         | 0,0117         | 0,0129        
0,450      | 0,0253       | 0,0002         | 0,0007         | 0,0092         | 0,0104        
0,500      | 0,0282       | 0,0006         | 0,0015         | 0,0077         | 0,0097        
0,550      | 0,0016       | 0,0000         | 0,0020         | 0,0000         | 0,0099        
0,600      | 0,0061       | 0,0000         | 0,0000         | 0,0001         | 0,0001        
0,650      | 0,0002       | 0,0001         | 0,0001         | 0,0002         | 0,0009        
0,700      | 0,0023       | 0,0001         | 0,0001         | 0,0003         | 0,0025        
0,750      | 0,0001       | 0,0001         | 0,0001         | 0,0004         | 0,0001        
0,800      | 0,0013       | 0,0000         | 0,0001         | 0,0006         | 0,0013        
0,850      | 0,0001       | 0,0000         | 0,0001         | 0,0007         | 0,0001        
0,900      | 0,0009       | 0,0000         | 0,0001         | 0,0009         | 0,0009        
0,950      | 0,0001       | 0,0000         | 0,0000         | 0,0000         | 0,0001        
1,000      | 0,0006       | 0,0000         | 0,0000         | 0,0000         | 0,0006        
1,050      | 0,0001       | 0,0000         | 0,0000         | 0,0001         | 0,0001        
1,100      | 0,0004       | 0,0000         | 0,0002         | 0,0004         | 0,0004        
1,150      | 0,0000       | 0,0000         | 0,0001         | 0,0000         | 0,0000        
1,200      | 0,0002       | 0,0000         | 0,0000         | 0,0002         | 0,0002        
1,250      | 0,0000       | 0,0000         | 0,0001         | 0,0000         | 0,0000        
1,300      | 0,0000       | 0,0000         | 0,0000         | 0,0000         | 0,0000        
1,350      | 0,0001       | 0,0000         | 0,0000         | 0,0001         | 0,0001        
1,400      | 0,0000       | 0,0000         | 0,0001         | 0,0000         | 0,0000        
1,450      | 0,0000       | 0,0000         | 0,0000         | 0,0000         | 0,0000        
1,500      | 0,0000       | 0,0000         | 0,0001         | 0,0000         | 0,0000        
1,550      | 0,0000       | 0,0000         | 0,0000         | 0,0000         | 0,0000        
1,600      | 0,0001       | 0,0000         | 0,0000         | 0,0001         | 0,0001        
1,650      | 0,0001       | 0,0000         | 0,0000         | 0,0001         | 0,0001        
1,700      | 0,0001       | 0,0000         | 0,0000         | 0,0001         | 0,0001        
1,750      | 0,0001       | 0,0000         | 0,0000         | 0,0001         | 0,0001        
1,800      | 0,0000       | 0,0000         | 0,0000         | 0,0000         | 0,0000        
1,850      | 0,0000       | 0,0000         | 0,0000         | 0,0000         | 0,0000        
1,900      | 0,0000       | 0,0000         | 0,0000         | 0,0000         | 0,0000        
1,950      | 0,0000       | 0,0000         | 0,0000         | 0,0000         | 0,0000        

Peggiore NAIVE:        0,0589 (5,9%) a b/capRad=0,300
Peggiore soglia=0,25:   0,0018 (0,2%) a b/capRad=0,350
Peggiore soglia=0,50:   0,0103 (1,0%) a b/capRad=0,350
Peggiore soglia=0,75:   0,0251 (2,5%) a b/capRad=0,300
Peggiore soglia=1,00:   0,0384 (3,8%) a b/capRad=0,300

### dt nominale = 36000 s ###
b/capRad   | err.NAIVE    | err.th=0.25    | err.th=0.50    | err.th=0.75    | err.th=1.00   
------------------------------------------------------------------------------------------
0,300      | 0,1806       | 0,0009         | 0,0083         | 0,0565         | 0,0457        
0,350      | 0,1623       | 0,0018         | 0,0096         | 0,0233         | 0,0057        
0,400      | 0,1539       | 0,0000         | 0,0000         | 0,0099         | 0,0000        
0,450      | 0,1497       | 0,0002         | 0,0004         | 0,0040         | 0,0112        
0,500      | 0,1470       | 0,0006         | 0,0009         | 0,0014         | 0,0018        
0,550      | 0,1030       | 0,0000         | 0,0013         | 0,0003         | 0,0000        
0,600      | 0,0402       | 0,0000         | 0,0014         | 0,0000         | 0,0029        
0,650      | 0,2388       | 0,0001         | 0,0014         | 0,0021         | 0,0002        
0,700      | 0,2197       | 0,0001         | 0,0000         | 0,0007         | 0,0027        
0,750      | 0,1800       | 0,0001         | 0,0000         | 0,0001         | 0,0003        
0,800      | 0,1398       | 0,0000         | 0,0000         | 0,0013         | 0,0020        
0,850      | 0,0027       | 0,0000         | 0,0000         | 0,0004         | 0,0002        
0,900      | 0,0159       | 0,0000         | 0,0004         | 0,0000         | 0,0012        
0,950      | 0,0296       | 0,0000         | 0,0002         | 0,0004         | 0,0000        
1,000      | 0,0405       | 0,0000         | 0,0001         | 0,0000         | 0,0005        
1,050      | 0,0470       | 0,0000         | 0,0000         | 0,0004         | 0,0000        
1,100      | 0,0000       | 0,0000         | 0,0002         | 0,0000         | 0,0001        
1,150      | 0,0000       | 0,0000         | 0,0001         | 0,0002         | 0,0004        
1,200      | 0,0014       | 0,0000         | 0,0000         | 0,0000         | 0,0000        
1,250      | 0,0039       | 0,0000         | 0,0001         | 0,0001         | 0,0000        
1,300      | 0,0069       | 0,0000         | 0,0000         | 0,0002         | 0,0002        
1,350      | 0,0099       | 0,0000         | 0,0001         | 0,0000         | 0,0004        
1,400      | 0,0122       | 0,0000         | 0,0000         | 0,0000         | 0,0000        
1,450      | 0,0131       | 0,0000         | 0,0000         | 0,0001         | 0,0000        
1,500      | 0,0000       | 0,0000         | 0,0000         | 0,0000         | 0,0001        
1,550      | 0,0000       | 0,0000         | 0,0000         | 0,0000         | 0,0002        
1,600      | 0,0003       | 0,0000         | 0,0000         | 0,0000         | 0,0002        
1,650      | 0,0008       | 0,0000         | 0,0000         | 0,0001         | 0,0000        
1,700      | 0,0015       | 0,0000         | 0,0000         | 0,0001         | 0,0000        
1,750      | 0,0023       | 0,0000         | 0,0000         | 0,0000         | 0,0000        
1,800      | 0,0031       | 0,0000         | 0,0000         | 0,0000         | 0,0000        
1,850      | 0,0036       | 0,0000         | 0,0000         | 0,0000         | 0,0000        
1,900      | 0,0038       | 0,0000         | 0,0000         | 0,0000         | 0,0001        
1,950      | 0,0039       | 0,0000         | 0,0000         | 0,0000         | 0,0001        

Peggiore NAIVE:        0,2388 (23,9%) a b/capRad=0,650
Peggiore soglia=0,25:   0,0018 (0,2%) a b/capRad=0,350
Peggiore soglia=0,50:   0,0096 (1,0%) a b/capRad=0,350
Peggiore soglia=0,75:   0,0565 (5,6%) a b/capRad=0,300
Peggiore soglia=1,00:   0,0457 (4,6%) a b/capRad=0,300

==========================================================================================
TABELLA RIASSUNTIVA -- solo i casi peggiori (errore relativo massimo per configurazione)
==========================================================================================
dt nominale    | NAIVE      | soglia=0,25 | soglia=0,50 | soglia=0,75 | soglia=1,00
------------------------------------------------------------------------------------------
300            | 0,1%       | 0,1%          | 0,1%          | 0,1%          | 0,1%         
600            | 0,4%       | 0,2%          | 0,4%          | 0,4%          | 0,4%         
900            | 0,7%       | 0,4%          | 0,7%          | 0,7%          | 0,7%         
1200           | 1,2%       | 0,1%          | 1,2%          | 1,2%          | 1,2%         
1800           | 2,1%       | 0,1%          | 1,2%          | 3,8%          | 1,3%         
3600           | 5,9%       | 0,2%          | 1,0%          | 2,5%          | 3,8%         
36000          | 23,9%      | 0,2%          | 1,0%          | 5,6%          | 4,6%         

