# Benchmark: dt x theta, drift di energia su orizzonte 1/5/10/100 anni
# Data: 2026-09-11
# Strumento: DtThetaDurationEnergyMatrix (N=2, drag disattivato, hillCaptureFraction=1e-6)
# Nota: con N=2 e' azzerato per costruzione sia il contributo delle collisioni
#       sia quello dell'approssimazione di Barnes-Hut (con 2 particelle l'albero non ha alcun
#       cluster da approssimare: theta risulta infatti identico su ogni riga, come atteso).
#       Isola quindi il solo errore di integrazione dovuto a dt su un problema kepleriano puro.

=== Orizzonte: 1,0 anni simulati, Particelle: 2 ===
dt     theta  |       step |   driftMax% driftFinale% |  t_wall(s)
----------------------------------------------------------------------
  [150s, 1,0 anni -> 210.384 step stimati]
150    0,1    |     210384 |      0,0000      0,0000 |       1,16
150    0,6    |     210384 |      0,0000      0,0000 |       0,85
150    1,2    |     210384 |      0,0000      0,0000 |       0,77
  [300s, 1,0 anni -> 105.192 step stimati]
300    0,1    |     105192 |      0,0000      0,0000 |       0,40
300    0,6    |     105192 |      0,0000      0,0000 |       0,37
300    1,2    |     105192 |      0,0000      0,0000 |       0,39
  [600s, 1,0 anni -> 52.596 step stimati]
600    0,1    |      52596 |      0,0000      0,0000 |       0,19
600    0,6    |      52596 |      0,0000      0,0000 |       0,19
600    1,2    |      52596 |      0,0000      0,0000 |       0,19
  [1200s, 1,0 anni -> 26.298 step stimati]
1200   0,1    |      26298 |      0,0000      0,0000 |       0,10
1200   0,6    |      26298 |      0,0000      0,0000 |       0,09
1200   1,2    |      26298 |      0,0000      0,0000 |       0,09
  [1800s, 1,0 anni -> 17.532 step stimati]
1800   0,1    |      17532 |      0,0000      0,0000 |       0,07
1800   0,6    |      17532 |      0,0000      0,0000 |       0,06
1800   1,2    |      17532 |      0,0000      0,0000 |       0,06
  [3600s, 1,0 anni -> 8.766 step stimati]
3600   0,1    |       8766 |      0,0002      0,0000 |       0,03
3600   0,6    |       8766 |      0,0002      0,0000 |       0,03
3600   1,2    |       8766 |      0,0002      0,0000 |       0,03

=== Orizzonte: 5,0 anni simulati, Particelle: 2 ===
dt     theta  |       step |   driftMax% driftFinale% |  t_wall(s)
----------------------------------------------------------------------
  [150s, 5,0 anni -> 1.051.920 step stimati]
150    0,1    |    1051920 |      0,0000      0,0000 |       3,93
150    0,6    |    1051920 |      0,0000      0,0000 |       3,87
150    1,2    |    1051920 |      0,0000      0,0000 |       3,86
  [300s, 5,0 anni -> 525.960 step stimati]
300    0,1    |     525960 |      0,0000      0,0000 |       1,88
300    0,6    |     525960 |      0,0000      0,0000 |       1,90
300    1,2    |     525960 |      0,0000      0,0000 |       1,85
  [600s, 5,0 anni -> 262.980 step stimati]
600    0,1    |     262980 |      0,0000      0,0000 |       0,93
600    0,6    |     262980 |      0,0000      0,0000 |       0,96
600    1,2    |     262980 |      0,0000      0,0000 |       0,93
  [1200s, 5,0 anni -> 131.490 step stimati]
1200   0,1    |     131490 |      0,0000      0,0000 |       0,46
1200   0,6    |     131490 |      0,0000      0,0000 |       0,46
1200   1,2    |     131490 |      0,0000      0,0000 |       0,46
  [1800s, 5,0 anni -> 87.660 step stimati]
1800   0,1    |      87660 |      0,0001      0,0000 |       0,31
1800   0,6    |      87660 |      0,0001      0,0000 |       0,31
1800   1,2    |      87660 |      0,0001      0,0000 |       0,34
  [3600s, 5,0 anni -> 43.830 step stimati]
3600   0,1    |      43830 |      0,0002      0,0001 |       0,17
3600   0,6    |      43830 |      0,0002      0,0001 |       0,17
3600   1,2    |      43830 |      0,0002      0,0001 |       0,17

=== Orizzonte: 10,0 anni simulati, Particelle: 2 ===
dt     theta  |       step |   driftMax% driftFinale% |  t_wall(s)
----------------------------------------------------------------------
  [150s, 10,0 anni -> 2.103.840 step stimati]
150    0,1    |    2103840 |      0,0000      0,0000 |       7,53
150    0,6    |    2103840 |      0,0000      0,0000 |       7,65
150    1,2    |    2103840 |      0,0000      0,0000 |       8,17
  [300s, 10,0 anni -> 1.051.920 step stimati]
300    0,1    |    1051920 |      0,0000      0,0000 |       3,87
300    0,6    |    1051920 |      0,0000      0,0000 |       3,84
300    1,2    |    1051920 |      0,0000      0,0000 |       3,83
  [600s, 10,0 anni -> 525.960 step stimati]
600    0,1    |     525960 |      0,0000      0,0000 |       1,89
600    0,6    |     525960 |      0,0000      0,0000 |       1,88
600    1,2    |     525960 |      0,0000      0,0000 |       1,88
  [1200s, 10,0 anni -> 262.980 step stimati]
1200   0,1    |     262980 |      0,0000      0,0000 |       0,94
1200   0,6    |     262980 |      0,0000      0,0000 |       0,94
1200   1,2    |     262980 |      0,0000      0,0000 |       0,95
  [1800s, 10,0 anni -> 175.320 step stimati]
1800   0,1    |     175320 |      0,0001      0,0000 |       0,63
1800   0,6    |     175320 |      0,0001      0,0000 |       0,63
1800   1,2    |     175320 |      0,0001      0,0000 |       0,68
  [3600s, 10,0 anni -> 87.660 step stimati]
3600   0,1    |      87660 |      0,0002      0,0001 |       0,32
3600   0,6    |      87660 |      0,0002      0,0001 |       0,32
3600   1,2    |      87660 |      0,0002      0,0001 |       0,31

=== Orizzonte: 100,0 anni simulati, Particelle: 2 ===
dt     theta  |       step |   driftMax% driftFinale% |  t_wall(s)
----------------------------------------------------------------------
  [150s, 100,0 anni -> 21.038.400 step stimati]
150    0,1    |   21038400 |      0,0000      0,0000 |      91,26
150    0,6    |   21038400 |      0,0000      0,0000 |      90,24
150    1,2    |   21038400 |      0,0000      0,0000 |      92,69
  [300s, 100,0 anni -> 10.519.200 step stimati]
300    0,1    |   10519200 |      0,0000      0,0000 |      45,78
300    0,6    |   10519200 |      0,0000      0,0000 |      44,65
300    1,2    |   10519200 |      0,0000      0,0000 |      46,39
  [600s, 100,0 anni -> 5.259.600 step stimati]
600    0,1    |    5259600 |      0,0000      0,0000 |      22,87
600    0,6    |    5259600 |      0,0000      0,0000 |      23,06
600    1,2    |    5259600 |      0,0000      0,0000 |      23,40
  [1200s, 100,0 anni -> 2.629.800 step stimati]
1200   0,1    |    2629800 |      0,0001      0,0000 |      10,86
1200   0,6    |    2629800 |      0,0001      0,0000 |      10,47
1200   1,2    |    2629800 |      0,0001      0,0000 |      10,53
  [1800s, 100,0 anni -> 1.753.200 step stimati]
1800   0,1    |    1753200 |      0,0001      0,0000 |       7,54
1800   0,6    |    1753200 |      0,0001      0,0000 |       7,09
1800   1,2    |    1753200 |      0,0001      0,0000 |       6,77
  [3600s, 100,0 anni -> 876.600 step stimati]
3600   0,1    |     876600 |      0,0002      0,0000 |       3,32
3600   0,6    |     876600 |      0,0002      0,0000 |       3,24
3600   1,2    |     876600 |      0,0002      0,0000 |       3,27
