# Benchmark: dt x theta, drift di energia su orizzonte 1/5/10/100 anni
# Data: 2026-09-11
# Strumento: DtThetaDurationEnergyMatrix (N=2, drag disattivato, hillCaptureFraction=1e-6)
# Nota: 


=== Orizzonte: 1,0 anni simulati, Particelle: 2 ===
dt     theta  |       step |   driftMax% driftFinale% |  t_wall(s)
----------------------------------------------------------------------
  [150s, 1,0 anni -> 210.384 step stimati]
150    0,1    |     210384 |      0,0000      0,0000 |       0,94
150    0,6    |     210384 |      0,0000      0,0000 |       0,77
150    1,2    |     210384 |      0,0000      0,0000 |       0,68
  [300s, 1,0 anni -> 105.192 step stimati]
300    0,1    |     105192 |      0,0000      0,0000 |       0,37
300    0,6    |     105192 |      0,0000      0,0000 |       0,34
300    1,2    |     105192 |      0,0000      0,0000 |       0,34
  [600s, 1,0 anni -> 52.596 step stimati]
600    0,1    |      52596 |      0,0000      0,0000 |       0,20
600    0,6    |      52596 |      0,0000      0,0000 |       0,20
600    1,2    |      52596 |      0,0000      0,0000 |       0,18
  [1200s, 1,0 anni -> 26.298 step stimati]
1200   0,1    |      26298 |      0,0000      0,0000 |       0,09
1200   0,6    |      26298 |      0,0000      0,0000 |       0,09
1200   1,2    |      26298 |      0,0000      0,0000 |       0,09
  [1800s, 1,0 anni -> 17.532 step stimati]
1800   0,1    |      17532 |      0,0000      0,0000 |       0,06
1800   0,6    |      17532 |      0,0000      0,0000 |       0,06
1800   1,2    |      17532 |      0,0000      0,0000 |       0,06
  [3600s, 1,0 anni -> 8.766 step stimati]
3600   0,1    |       8766 |      0,0002      0,0000 |       0,03
3600   0,6    |       8766 |      0,0002      0,0000 |       0,03
3600   1,2    |       8766 |      0,0002      0,0000 |       0,03

=== Orizzonte: 5,0 anni simulati, Particelle: 2 ===
dt     theta  |       step |   driftMax% driftFinale% |  t_wall(s)
----------------------------------------------------------------------
  [150s, 5,0 anni -> 1.051.920 step stimati]
150    0,1    |    1051920 |      0,0000      0,0000 |       3,97
150    0,6    |    1051920 |      0,0000      0,0000 |       3,90
150    1,2    |    1051920 |      0,0000      0,0000 |       3,68
  [300s, 5,0 anni -> 525.960 step stimati]
300    0,1    |     525960 |      0,0000      0,0000 |       1,69
300    0,6    |     525960 |      0,0000      0,0000 |       1,67
300    1,2    |     525960 |      0,0000      0,0000 |       1,74
  [600s, 5,0 anni -> 262.980 step stimati]
600    0,1    |     262980 |      0,0000      0,0000 |       0,84
600    0,6    |     262980 |      0,0000      0,0000 |       0,82
600    1,2    |     262980 |      0,0000      0,0000 |       0,81
  [1200s, 5,0 anni -> 131.490 step stimati]
1200   0,1    |     131490 |      0,0000      0,0000 |       0,41
1200   0,6    |     131490 |      0,0000      0,0000 |       0,44
1200   1,2    |     131490 |      0,0000      0,0000 |       0,43
  [1800s, 5,0 anni -> 87.660 step stimati]
1800   0,1    |      87660 |      0,0001      0,0000 |       0,29
1800   0,6    |      87660 |      0,0001      0,0000 |       0,30
1800   1,2    |      87660 |      0,0001      0,0000 |       0,28
  [3600s, 5,0 anni -> 43.830 step stimati]
3600   0,1    |      43830 |      0,0002      0,0001 |       0,16
3600   0,6    |      43830 |      0,0002      0,0001 |       0,14
3600   1,2    |      43830 |      0,0002      0,0001 |       0,14

=== Orizzonte: 10,0 anni simulati, Particelle: 2 ===
dt     theta  |       step |   driftMax% driftFinale% |  t_wall(s)
----------------------------------------------------------------------
  [150s, 10,0 anni -> 2.103.840 step stimati]
150    0,1    |    2103840 |      0,0000      0,0000 |       6,93
150    0,6    |    2103840 |      0,0000      0,0000 |       6,74
150    1,2    |    2103840 |      0,0000      0,0000 |       6,69
  [300s, 10,0 anni -> 1.051.920 step stimati]
300    0,1    |    1051920 |      0,0000      0,0000 |       3,48
300    0,6    |    1051920 |      0,0000      0,0000 |       3,47
300    1,2    |    1051920 |      0,0000      0,0000 |       3,31
  [600s, 10,0 anni -> 525.960 step stimati]
600    0,1    |     525960 |      0,0000      0,0000 |       1,64
600    0,6    |     525960 |      0,0000      0,0000 |       1,63
600    1,2    |     525960 |      0,0000      0,0000 |       1,63
  [1200s, 10,0 anni -> 262.980 step stimati]
1200   0,1    |     262980 |      0,0000      0,0000 |       0,82
1200   0,6    |     262980 |      0,0000      0,0000 |       0,82
1200   1,2    |     262980 |      0,0000      0,0000 |       0,82
  [1800s, 10,0 anni -> 175.320 step stimati]
1800   0,1    |     175320 |      0,0001      0,0000 |       0,55
1800   0,6    |     175320 |      0,0001      0,0000 |       0,54
1800   1,2    |     175320 |      0,0001      0,0000 |       0,55
  [3600s, 10,0 anni -> 87.660 step stimati]
3600   0,1    |      87660 |      0,0002      0,0001 |       0,27
3600   0,6    |      87660 |      0,0002      0,0001 |       0,29
3600   1,2    |      87660 |      0,0002      0,0001 |       0,27

=== Orizzonte: 100,0 anni simulati, Particelle: 2 ===
dt     theta  |       step |   driftMax% driftFinale% |  t_wall(s)
----------------------------------------------------------------------
  [150s, 100,0 anni -> 21.038.400 step stimati]
150    0,1    |   21038400 |      0,0000      0,0000 |      67,67
150    0,6    |   21038400 |      0,0000      0,0000 |      67,49
150    1,2    |   21038400 |      0,0000      0,0000 |      66,15
  [300s, 100,0 anni -> 10.519.200 step stimati]
300    0,1    |   10519200 |      0,0000      0,0000 |      33,86
300    0,6    |   10519200 |      0,0000      0,0000 |      33,78
300    1,2    |   10519200 |      0,0000      0,0000 |      32,76
  [600s, 100,0 anni -> 5.259.600 step stimati]
600    0,1    |    5259600 |      0,0000      0,0000 |      16,37
600    0,6    |    5259600 |      0,0000      0,0000 |      16,77
600    1,2    |    5259600 |      0,0000      0,0000 |      16,74
  [1200s, 100,0 anni -> 2.629.800 step stimati]
1200   0,1    |    2629800 |      0,0001      0,0000 |       8,39
1200   0,6    |    2629800 |      0,0001      0,0000 |       8,24
1200   1,2    |    2629800 |      0,0001      0,0000 |       8,48
  [1800s, 100,0 anni -> 1.753.200 step stimati]
1800   0,1    |    1753200 |      0,0001      0,0000 |       5,54
1800   0,6    |    1753200 |      0,0001      0,0000 |       5,58
1800   1,2    |    1753200 |      0,0001      0,0000 |       5,54
  [3600s, 100,0 anni -> 876.600 step stimati]
3600   0,1    |     876600 |      0,0002      0,0000 |       2,73
3600   0,6    |     876600 |      0,0002      0,0000 |       2,79
3600   1,2    |     876600 |      0,0002      0,0000 |       2,77

